animal_id,cell_type,cell_number,oxa_positive,cfos_positive,rb_positive
620,cfos,1,0,1,0
620,cfos,2,1,1,0
620,cfos,3,0,1,0
620,cfos,4,1,1,0
620,cfos,5,0,1,0
620,cfos,6,0,1,0
620,cfos,7,0,1,0
620,cfos,8,0,1,1
620,cfos,9,0,1,1
620,cfos,10,0,1,0
620,cfos,11,0,1,0
620,cfos,12,0,1,0
620,cfos,13,0,1,0
620,cfos,14,0,1,0
620,cfos,15,0,1,1
620,cfos,16,0,1,1
620,cfos,17,0,1,0
620,cfos,18,0,1,0
620,cfos,19,0,1,0
620,cfos,20,0,1,0
620,cfos,21,0,1,0
620,cfos,22,0,1,0
620,cfos,23,0,1,0
620,cfos,24,0,1,0
620,cfos,25,0,1,0
620,cfos,26,0,1,0
620,cfos,27,0,1,0
620,cfos,28,0,1,0
620,cfos,29,0,1,0
620,cfos,30,0,1,0
620,cfos,31,0,1,0
620,cfos,32,0,1,0
620,cfos,33,0,1,0
620,cfos,34,0,1,0
620,cfos,35,0,1,0
620,cfos,36,0,1,0
620,cfos,37,0,1,0
620,cfos,38,0,1,0
620,cfos,39,0,1,0
620,cfos,40,0,1,0
620,cfos,41,0,1,0
620,cfos,42,0,1,0
620,cfos,43,0,1,0
620,cfos,44,0,1,0
620,cfos,45,0,1,0
620,cfos,46,0,1,0
620,cfos,47,0,1,0
620,cfos,48,0,1,0
620,cfos,49,0,1,0
620,cfos,50,0,1,0
620,cfos,51,0,1,0
620,cfos,52,0,1,0
620,cfos,53,0,1,0
620,cfos,54,0,1,0
620,cfos,55,0,1,0
620,cfos,56,0,1,0
620,cfos,57,0,1,0
620,cfos,58,0,1,0
620,cfos,59,0,1,0
620,cfos,60,0,1,0
620,cfos,61,0,1,0
620,cfos,62,0,1,0
620,cfos,63,0,1,0
620,cfos,64,0,1,0
620,cfos,65,0,1,0
620,cfos,66,0,1,0
620,cfos,67,0,1,0
620,cfos,68,0,1,0
620,cfos,69,0,1,0
620,cfos,70,0,1,0
620,cfos,71,0,1,0
620,cfos,72,0,1,0
620,cfos,73,0,1,0
620,cfos,74,0,1,0
620,cfos,75,0,1,0
620,cfos,76,0,1,0
620,cfos,77,0,1,0
620,cfos,78,0,1,0
620,cfos,79,0,1,0
620,cfos,80,0,1,0
620,cfos,81,0,1,0
620,cfos,82,0,1,0
620,cfos,83,0,1,0
620,cfos,84,0,1,0
620,cfos,85,0,1,0
620,cfos,86,0,1,0
620,cfos,87,0,1,0
620,cfos,88,0,1,0
620,cfos,89,0,1,0
620,cfos,90,0,1,0
620,cfos,91,0,1,0
620,cfos,92,0,1,0
620,cfos,93,0,1,0
620,cfos,94,0,1,0
620,cfos,95,0,1,0
620,cfos,96,0,1,0
620,cfos,97,0,1,0
620,cfos,98,0,1,0
620,cfos,99,0,1,0
620,cfos,100,0,1,0
620,cfos,101,0,1,0
620,cfos,102,0,1,0
620,cfos,103,0,1,0
620,cfos,104,1,1,0
620,cfos,105,0,1,0
620,cfos,106,0,1,1
620,cfos,107,0,1,0
620,cfos,108,0,1,0
620,cfos,109,0,1,1
620,cfos,110,0,1,0
620,cfos,111,0,1,0
620,cfos,112,0,1,0
620,cfos,113,0,1,0
620,cfos,114,0,1,0
620,cfos,115,0,1,1
620,cfos,116,0,1,0
620,cfos,117,0,1,0
620,cfos,118,0,1,0
620,cfos,119,0,1,0
620,cfos,120,0,1,0
620,cfos,121,0,1,0
620,cfos,122,0,1,0
620,cfos,123,0,1,0
620,cfos,124,0,1,0
620,cfos,125,0,1,0
620,cfos,126,0,1,0
620,cfos,127,0,1,1
620,cfos,128,1,1,0
620,cfos,129,0,1,0
620,cfos,130,0,1,1
620,cfos,131,0,1,0
620,cfos,132,0,1,0
620,cfos,133,0,1,0
620,cfos,134,0,1,1
620,cfos,135,0,1,1
620,cfos,136,0,1,1
620,cfos,137,0,1,0
620,cfos,138,0,1,1
620,cfos,139,0,1,1
620,cfos,140,0,1,1
620,cfos,141,0,1,1
620,cfos,142,0,1,0
620,cfos,143,0,1,0
620,cfos,144,0,1,1
620,cfos,145,0,1,1
620,cfos,146,0,1,1
620,cfos,147,0,1,1
620,cfos,148,0,1,0
620,cfos,149,0,1,1
620,cfos,150,0,1,1
620,cfos,151,0,1,0
620,cfos,152,0,1,0
620,cfos,153,0,1,1
620,cfos,154,0,1,1
620,cfos,155,0,1,0
620,cfos,156,0,1,1
620,cfos,157,0,1,1
620,cfos,158,0,1,0
620,cfos,159,0,1,0
620,cfos,160,0,1,0
620,cfos,161,0,1,0
620,cfos,162,0,1,0
620,cfos,163,1,1,0
620,cfos,164,0,1,0
620,cfos,165,0,1,0
620,cfos,166,1,1,0
620,cfos,167,0,1,0
620,cfos,168,0,1,0
620,cfos,169,0,1,0
620,cfos,170,0,1,0
620,cfos,171,0,1,0
620,cfos,172,0,1,0
620,cfos,173,0,1,0
620,cfos,174,0,1,0
620,cfos,175,0,1,0
620,cfos,176,0,1,0
620,cfos,177,1,1,0
620,cfos,178,0,1,0
620,cfos,179,0,1,0
620,cfos,180,0,1,0
620,cfos,181,0,1,0
620,cfos,182,0,1,0
620,cfos,183,0,1,0
620,cfos,184,0,1,0
620,cfos,185,1,1,0
620,cfos,186,0,1,0
620,cfos,187,0,1,0
620,cfos,188,0,1,0
620,cfos,189,0,1,0
620,cfos,190,0,1,0
620,cfos,191,0,1,0
620,cfos,192,0,1,0
620,cfos,193,0,1,0
620,cfos,194,0,1,0
620,cfos,195,0,1,0
620,cfos,196,1,1,0
620,cfos,197,1,1,0
620,cfos,198,1,1,0
620,cfos,199,0,1,0
620,cfos,200,0,1,0
620,cfos,201,0,1,0
620,cfos,202,1,1,1
620,cfos,203,0,1,1
620,cfos,204,0,1,0
620,cfos,205,0,1,0
620,cfos,206,0,1,0
620,cfos,207,0,1,0
620,cfos,208,0,1,0
620,cfos,209,1,1,0
620,cfos,210,0,1,0
620,cfos,211,0,1,1
620,cfos,212,0,1,0
620,cfos,213,0,1,0
620,cfos,214,1,1,1
620,cfos,215,0,1,0
620,cfos,216,0,1,0
620,cfos,217,0,1,0
620,cfos,218,0,1,0
620,cfos,219,0,1,0
620,cfos,220,0,1,0
620,cfos,221,0,1,0
620,cfos,222,0,1,0
620,cfos,223,0,1,0
620,cfos,224,0,1,0
620,cfos,225,0,1,0
620,cfos,226,0,1,1
620,cfos,227,0,1,0
620,cfos,228,0,1,1
620,cfos,229,1,1,1
620,cfos,230,1,1,0
620,cfos,231,0,1,0
620,cfos,232,0,1,0
620,cfos,233,0,1,0
620,cfos,234,0,1,0
620,cfos,235,0,1,1
620,cfos,236,0,1,0
620,cfos,237,0,1,0
620,cfos,238,0,1,1
620,cfos,239,0,1,1
620,cfos,240,0,1,1
620,cfos,241,0,1,0
620,cfos,242,0,1,0
620,cfos,243,0,1,0
620,cfos,244,0,1,0
620,cfos,245,0,1,0
620,cfos,246,0,1,1
620,cfos,247,0,1,1
620,cfos,248,0,1,0
620,cfos,249,0,1,0
620,cfos,250,0,1,1
620,cfos,251,0,1,0
620,cfos,252,0,1,0
620,cfos,253,0,1,0
620,cfos,254,0,1,1
620,cfos,255,0,1,0
620,cfos,256,0,1,0
620,cfos,257,0,1,0
620,cfos,258,0,1,0
620,cfos,259,0,1,0
620,cfos,260,0,1,0
620,cfos,261,0,1,0
620,cfos,262,0,1,1
620,cfos,263,0,1,1
620,cfos,264,0,1,1
620,cfos,265,0,1,0
620,cfos,266,0,1,0
620,cfos,267,0,1,0
620,cfos,268,0,1,0
620,cfos,269,0,1,0
620,cfos,270,0,1,1
620,cfos,271,0,1,1
620,cfos,272,0,1,0
620,cfos,273,0,1,0
620,cfos,274,1,1,0
620,cfos,275,0,1,0
620,cfos,276,0,1,1
620,cfos,277,0,1,0
620,cfos,278,0,1,0
620,cfos,279,0,1,0
620,cfos,280,0,1,0
620,oxa,1,1,0,0
620,oxa,2,1,0,0
620,oxa,3,1,0,0
620,oxa,4,1,0,0
620,oxa,5,1,0,0
620,oxa,6,1,0,0
620,oxa,7,1,0,0
620,oxa,8,1,0,0
620,oxa,9,1,0,0
620,oxa,10,1,0,0
620,oxa,11,1,0,0
620,oxa,12,1,0,0
620,oxa,13,1,0,1
620,oxa,14,1,0,0
620,oxa,15,1,0,0
620,oxa,16,1,0,0
620,oxa,17,1,0,0
620,oxa,18,1,0,0
620,oxa,19,1,0,0
620,oxa,20,1,0,0
620,oxa,21,1,0,1
620,oxa,22,1,0,0
620,oxa,23,1,0,0
620,oxa,24,1,0,0
620,oxa,25,1,0,0
620,oxa,26,1,0,1
620,oxa,27,1,0,1
620,oxa,28,1,0,0
620,oxa,29,1,0,1
620,oxa,30,1,0,0
620,oxa,31,1,0,0
620,oxa,32,1,0,1
620,oxa,33,1,0,1
620,oxa,34,1,0,0
620,oxa,35,1,0,0
620,oxa,36,1,0,0
620,oxa,37,1,0,0
620,oxa,38,1,0,1
620,oxa,39,1,0,0
620,rb,1,0,0,1
620,rb,2,0,0,1
620,rb,3,0,0,1
620,rb,4,0,0,1
620,rb,5,0,0,1
620,rb,6,0,0,1
620,rb,7,0,0,1
620,rb,8,0,0,1
620,rb,9,0,0,1
620,rb,10,0,0,1
620,rb,11,0,0,1
620,rb,12,0,0,1
620,rb,13,0,0,1
620,rb,14,0,0,1
620,rb,15,0,0,1
620,rb,16,0,0,1
620,rb,17,0,0,1
620,rb,18,0,0,1
620,rb,19,0,0,1
620,rb,20,0,0,1
620,rb,21,0,0,1
620,rb,22,0,0,1
620,rb,23,0,0,1
620,rb,24,0,0,1
620,rb,25,0,0,1
620,rb,26,0,0,1
620,rb,27,0,0,1
620,rb,28,0,0,1
620,rb,29,0,0,1
620,rb,30,0,0,1
620,rb,31,0,0,1
620,rb,32,0,0,1
620,rb,33,0,0,1
620,rb,34,0,0,1
620,rb,35,0,0,1
620,rb,36,0,0,1
620,rb,37,0,0,1
620,rb,38,0,0,1
620,rb,39,0,0,1
620,rb,40,0,0,1
620,rb,41,0,0,1
620,rb,42,0,0,1
620,rb,43,0,0,1
620,rb,44,0,0,1
620,rb,45,0,0,1
620,rb,46,0,0,1
620,rb,47,0,0,1
620,rb,48,0,0,1
620,rb,49,0,0,1
620,rb,50,0,0,1
620,rb,51,0,0,1
620,rb,52,0,0,1
620,rb,53,0,0,1
620,rb,54,0,0,1
620,rb,55,0,0,1
620,rb,56,0,0,1
620,rb,57,0,0,1
620,rb,58,0,0,1
620,rb,59,0,0,1
620,rb,60,0,0,1
620,rb,61,0,0,1
620,rb,62,0,0,1
620,rb,63,0,0,1
620,rb,64,0,0,1
620,rb,65,0,0,1
620,rb,66,0,0,1
620,rb,67,0,0,1
620,rb,68,0,0,1
620,rb,69,0,0,1
620,rb,70,0,0,1
620,rb,71,0,0,1
620,rb,72,0,0,1
620,rb,73,0,0,1
620,rb,74,0,0,1
620,rb,75,0,0,1
620,rb,76,0,0,1
620,rb,77,0,0,1
620,rb,78,0,0,1
620,rb,79,0,0,1
620,rb,80,0,0,1
620,rb,81,0,0,1
620,rb,82,0,0,1
620,rb,83,0,0,1
620,rb,84,0,0,1
620,rb,85,0,0,1
620,rb,86,0,0,1
620,rb,87,0,0,1
620,rb,88,0,0,1
620,rb,89,0,0,1
620,rb,90,0,0,1
620,rb,91,0,0,1
620,rb,92,0,0,1
620,rb,93,0,0,1
620,rb,94,0,0,1
620,rb,95,0,0,1
620,rb,96,0,0,1
620,rb,97,0,0,1
620,rb,98,0,0,1
620,rb,99,0,0,1
620,rb,100,0,0,1
620,rb,101,0,0,1
620,rb,102,0,0,1
620,rb,103,0,0,1
620,rb,104,0,0,1
621,cfos,1,0,1,0
621,cfos,2,0,1,0
621,cfos,3,0,1,0
621,cfos,4,0,1,0
621,cfos,5,0,1,0
621,cfos,6,0,1,0
621,cfos,7,0,1,0
621,cfos,8,0,1,0
621,cfos,9,1,1,0
621,cfos,10,0,1,0
621,cfos,11,0,1,0
621,cfos,12,0,1,0
621,cfos,13,0,1,0
621,cfos,14,0,1,0
621,cfos,15,0,1,0
621,cfos,16,0,1,0
621,cfos,17,0,1,0
621,cfos,18,0,1,0
621,cfos,19,0,1,0
621,cfos,20,0,1,0
621,cfos,21,0,1,0
621,cfos,22,0,1,0
621,cfos,23,0,1,0
621,cfos,24,0,1,0
621,cfos,25,0,1,0
621,cfos,26,0,1,0
621,cfos,27,0,1,0
621,cfos,28,0,1,0
621,cfos,29,0,1,0
621,cfos,30,0,1,0
621,cfos,31,0,1,0
621,cfos,32,0,1,0
621,cfos,33,0,1,0
621,cfos,34,0,1,0
621,cfos,35,0,1,0
621,cfos,36,0,1,0
621,cfos,37,0,1,0
621,cfos,38,0,1,0
621,cfos,39,0,1,0
621,cfos,40,0,1,0
621,cfos,41,0,1,0
621,cfos,42,0,1,0
621,cfos,43,0,1,0
621,cfos,44,0,1,0
621,cfos,45,0,1,0
621,cfos,46,0,1,0
621,cfos,47,0,1,0
621,cfos,48,0,1,0
621,cfos,49,0,1,0
621,cfos,50,0,1,0
621,cfos,51,0,1,0
621,cfos,52,0,1,0
621,cfos,53,0,1,0
621,cfos,54,0,1,0
621,cfos,55,0,1,0
621,cfos,56,0,1,0
621,cfos,57,0,1,0
621,cfos,58,0,1,0
621,cfos,59,0,1,0
621,cfos,60,0,1,0
621,cfos,61,0,1,0
621,cfos,62,0,1,0
621,cfos,63,0,1,0
621,cfos,64,1,1,0
621,cfos,65,1,1,0
621,cfos,66,0,1,0
621,cfos,67,1,1,0
621,cfos,68,1,1,0
621,cfos,69,1,1,0
621,cfos,70,0,1,0
621,cfos,71,1,1,0
621,cfos,72,0,1,0
621,cfos,73,0,1,0
621,cfos,74,0,1,0
621,cfos,75,0,1,0
621,cfos,76,0,1,0
621,cfos,77,0,1,0
621,cfos,78,0,1,0
621,cfos,79,0,1,0
621,cfos,80,0,1,0
621,cfos,81,1,1,0
621,cfos,82,1,1,0
621,cfos,83,1,1,0
621,cfos,84,1,1,0
621,cfos,85,1,1,0
621,cfos,86,0,1,0
621,cfos,87,0,1,0
621,cfos,88,0,1,0
621,cfos,89,1,1,0
621,cfos,90,1,1,0
621,cfos,91,0,1,0
621,cfos,92,0,1,0
621,cfos,93,0,1,0
621,cfos,94,0,1,0
621,cfos,95,1,1,0
621,cfos,96,0,1,0
621,cfos,97,0,1,0
621,cfos,98,1,1,0
621,cfos,99,1,1,0
621,cfos,100,1,1,0
621,cfos,101,1,1,0
621,cfos,102,0,1,0
621,cfos,103,1,1,0
621,cfos,104,1,1,0
621,cfos,105,0,1,0
621,cfos,106,0,1,0
621,cfos,107,0,1,0
621,cfos,108,0,1,0
621,cfos,109,1,1,0
621,cfos,110,0,1,0
621,cfos,111,1,1,0
621,cfos,112,0,1,0
621,cfos,113,0,1,0
621,cfos,114,1,1,0
621,cfos,115,1,1,1
621,cfos,116,0,1,0
621,cfos,117,0,1,1
621,cfos,118,1,1,0
621,cfos,119,0,1,1
621,cfos,120,0,1,1
621,cfos,121,1,1,0
621,cfos,122,0,1,1
621,cfos,123,1,1,0
621,cfos,124,1,1,0
621,cfos,125,1,1,0
621,cfos,126,1,1,0
621,cfos,127,1,1,0
621,cfos,128,1,1,0
621,cfos,129,1,1,0
621,cfos,130,0,1,0
621,cfos,131,0,1,0
621,cfos,132,0,1,1
621,cfos,133,0,1,0
621,cfos,134,0,1,0
621,cfos,135,0,1,1
621,cfos,136,0,1,0
621,cfos,137,0,1,1
621,cfos,138,0,1,1
621,cfos,139,0,1,0
621,cfos,140,0,1,0
621,cfos,141,0,1,0
621,cfos,142,0,1,0
621,cfos,143,1,1,1
621,cfos,144,1,1,1
621,cfos,145,0,1,1
621,cfos,146,0,1,1
621,cfos,147,0,1,0
621,cfos,148,0,1,0
621,cfos,149,1,1,0
621,cfos,150,0,1,0
621,cfos,151,0,1,0
621,cfos,152,1,1,0
621,cfos,153,1,1,0
621,cfos,154,0,1,0
621,cfos,155,0,1,1
621,cfos,156,0,1,0
621,cfos,157,0,1,0
621,cfos,158,0,1,0
621,cfos,159,0,1,0
621,cfos,160,0,1,0
621,cfos,161,0,1,0
621,cfos,162,0,1,0
621,cfos,163,0,1,0
621,cfos,164,0,1,0
621,cfos,165,0,1,0
621,cfos,166,0,1,0
621,cfos,167,0,1,0
621,cfos,168,0,1,0
621,cfos,169,0,1,0
621,cfos,170,0,1,0
621,cfos,171,0,1,0
621,cfos,172,0,1,0
621,cfos,173,0,1,1
621,cfos,174,0,1,0
621,cfos,175,0,1,0
621,cfos,176,0,1,0
621,cfos,177,0,1,0
621,cfos,178,0,1,0
621,cfos,179,0,1,0
621,cfos,180,0,1,0
621,cfos,181,0,1,0
621,cfos,182,1,1,0
621,cfos,183,1,1,1
621,cfos,184,0,1,1
621,cfos,185,0,1,0
621,oxa,1,1,0,0
621,oxa,2,1,0,0
621,oxa,3,1,0,0
621,oxa,4,1,0,0
621,oxa,5,1,0,0
621,oxa,6,1,0,0
621,oxa,7,1,0,0
621,oxa,8,1,0,0
621,oxa,9,1,0,0
621,oxa,10,1,0,0
621,oxa,11,1,0,0
621,oxa,12,1,0,0
621,oxa,13,1,0,0
621,oxa,14,1,0,0
621,oxa,15,1,0,0
621,oxa,16,1,0,0
621,oxa,17,1,0,0
621,oxa,18,1,0,0
621,oxa,19,1,0,0
621,oxa,20,1,0,0
621,oxa,21,1,0,0
621,oxa,22,1,0,0
621,oxa,23,1,0,0
621,oxa,24,1,0,0
621,oxa,25,1,0,0
621,oxa,26,1,0,0
621,oxa,27,1,0,0
621,oxa,28,1,0,0
621,oxa,29,1,0,0
621,oxa,30,1,0,0
621,oxa,31,1,0,0
621,oxa,32,1,0,0
621,oxa,33,1,0,0
621,oxa,34,1,0,1
621,oxa,35,1,0,0
621,oxa,36,1,0,0
621,oxa,37,1,0,0
621,oxa,38,1,0,0
621,oxa,39,1,0,0
621,oxa,40,1,0,0
621,oxa,41,1,0,0
621,oxa,42,1,0,1
621,oxa,43,1,0,0
621,oxa,44,1,0,1
621,oxa,45,1,0,0
621,oxa,46,1,0,0
621,oxa,47,1,0,1
621,oxa,48,1,0,0
621,oxa,49,1,0,0
621,oxa,50,1,0,0
621,oxa,51,1,0,0
621,oxa,52,1,0,1
621,oxa,53,1,0,0
621,oxa,54,1,0,0
621,oxa,55,1,0,0
621,oxa,56,1,0,1
621,oxa,57,1,0,0
621,oxa,58,1,0,0
621,oxa,59,1,0,0
621,oxa,60,1,0,0
621,oxa,61,1,0,1
621,oxa,62,1,0,0
621,oxa,63,1,0,0
621,rb,1,0,0,1
621,rb,2,0,0,1
621,rb,3,0,0,1
621,rb,4,0,0,1
621,rb,5,0,0,1
621,rb,6,0,0,1
621,rb,7,0,0,1
621,rb,8,0,0,1
621,rb,9,0,0,1
621,rb,10,0,0,1
621,rb,11,0,0,1
621,rb,12,0,0,1
621,rb,13,0,0,1
621,rb,14,0,0,1
621,rb,15,0,0,1
621,rb,16,0,0,1
621,rb,17,0,0,1
621,rb,18,0,0,1
621,rb,19,0,0,1
621,rb,20,0,0,1
621,rb,21,0,0,1
621,rb,22,0,0,1
621,rb,23,0,0,1
621,rb,24,0,0,1
621,rb,25,0,0,1
621,rb,26,0,0,1
621,rb,27,0,0,1
621,rb,28,0,0,1
621,rb,29,0,0,1
621,rb,30,0,0,1
621,rb,31,0,0,1
621,rb,32,0,0,1
621,rb,33,0,0,1
622,cfos,1,0,1,0
622,cfos,2,0,1,0
622,cfos,3,0,1,0
622,cfos,4,0,1,0
622,cfos,5,0,1,0
622,cfos,6,0,1,0
622,cfos,7,0,1,0
622,cfos,8,0,1,0
622,cfos,9,0,1,0
622,cfos,10,0,1,0
622,cfos,11,0,1,0
622,cfos,12,0,1,0
622,cfos,13,0,1,0
622,cfos,14,0,1,0
622,cfos,15,0,1,0
622,cfos,16,0,1,0
622,cfos,17,0,1,0
622,cfos,18,0,1,0
622,cfos,19,0,1,0
622,cfos,20,0,1,0
622,cfos,21,0,1,0
622,cfos,22,0,1,0
622,cfos,23,0,1,0
622,cfos,24,0,1,0
622,cfos,25,0,1,0
622,cfos,26,0,1,0
622,cfos,27,0,1,0
622,cfos,28,0,1,0
622,cfos,29,0,1,0
622,cfos,30,0,1,0
622,cfos,31,0,1,0
622,cfos,32,0,1,0
622,cfos,33,0,1,0
622,cfos,34,0,1,0
622,cfos,35,0,1,0
622,cfos,36,1,1,0
622,cfos,37,0,1,0
622,cfos,38,0,1,0
622,cfos,39,0,1,0
622,cfos,40,0,1,0
622,cfos,41,0,1,0
622,cfos,42,0,1,0
622,cfos,43,0,1,0
622,cfos,44,0,1,0
622,cfos,45,0,1,0
622,cfos,46,0,1,0
622,cfos,47,0,1,0
622,cfos,48,0,1,0
622,cfos,49,0,1,0
622,cfos,50,0,1,0
622,cfos,51,0,1,0
622,cfos,52,0,1,0
622,cfos,53,0,1,0
622,cfos,54,0,1,0
622,cfos,55,0,1,0
622,cfos,56,0,1,0
622,cfos,57,0,1,0
622,cfos,58,0,1,0
622,cfos,59,0,1,0
622,cfos,60,1,1,0
622,cfos,61,0,1,0
622,cfos,62,0,1,0
622,cfos,63,0,1,0
622,cfos,64,0,1,0
622,cfos,65,0,1,0
622,cfos,66,0,1,0
622,cfos,67,1,1,0
622,cfos,68,0,1,0
622,cfos,69,0,1,0
622,cfos,70,0,1,0
622,cfos,71,0,1,0
622,cfos,72,0,1,0
622,cfos,73,0,1,0
622,cfos,74,0,1,0
622,cfos,75,0,1,0
622,cfos,76,0,1,0
622,cfos,77,0,1,0
622,cfos,78,0,1,0
622,cfos,79,0,1,0
622,cfos,80,0,1,0
622,cfos,81,0,1,0
622,cfos,82,0,1,0
622,cfos,83,0,1,0
622,cfos,84,0,1,0
622,cfos,85,0,1,0
622,cfos,86,1,1,0
622,cfos,87,0,1,0
622,cfos,88,0,1,0
622,cfos,89,1,1,0
622,cfos,90,0,1,0
622,cfos,91,0,1,0
622,cfos,92,0,1,0
622,cfos,93,0,1,0
622,cfos,94,0,1,0
622,cfos,95,0,1,0
622,cfos,96,0,1,0
622,cfos,97,0,1,0
622,cfos,98,0,1,0
622,cfos,99,0,1,0
622,cfos,100,0,1,0
622,cfos,101,0,1,0
622,cfos,102,1,1,0
622,cfos,103,1,1,0
622,cfos,104,1,1,0
622,cfos,105,0,1,0
622,cfos,106,0,1,0
622,cfos,107,0,1,0
622,cfos,108,0,1,0
622,cfos,109,0,1,0
622,cfos,110,1,1,0
622,cfos,111,0,1,0
622,cfos,112,0,1,0
622,cfos,113,0,1,0
622,cfos,114,0,1,0
622,cfos,115,0,1,0
622,cfos,116,0,1,0
622,cfos,117,0,1,0
622,cfos,118,0,1,0
622,cfos,119,0,1,0
622,cfos,120,0,1,0
622,cfos,121,1,1,0
622,cfos,122,0,1,0
622,cfos,123,0,1,0
622,cfos,124,0,1,0
622,cfos,125,0,1,0
622,cfos,126,0,1,0
622,cfos,127,0,1,0
622,cfos,128,0,1,0
622,cfos,129,0,1,0
622,cfos,130,0,1,0
622,cfos,131,0,1,0
622,cfos,132,0,1,0
622,cfos,133,0,1,0
622,cfos,134,0,1,0
622,cfos,135,0,1,0
622,cfos,136,0,1,0
622,cfos,137,0,1,1
622,cfos,138,0,1,0
622,cfos,139,0,1,0
622,cfos,140,0,1,0
622,cfos,141,0,1,0
622,cfos,142,0,1,0
622,cfos,143,0,1,0
622,cfos,144,0,1,0
622,cfos,145,0,1,0
622,cfos,146,0,1,0
622,cfos,147,0,1,0
622,cfos,148,0,1,0
622,cfos,149,0,1,0
622,cfos,150,0,1,0
622,cfos,151,0,1,0
622,cfos,152,0,1,0
622,cfos,153,0,1,0
622,cfos,154,0,1,0
622,cfos,155,0,1,0
622,cfos,156,0,1,0
622,cfos,157,0,1,0
622,cfos,158,0,1,0
622,cfos,159,0,1,0
622,cfos,160,0,1,0
622,cfos,161,0,1,0
622,cfos,162,0,1,0
622,cfos,163,0,1,1
622,cfos,164,0,1,0
622,cfos,165,0,1,1
622,cfos,166,0,1,0
622,cfos,167,0,1,0
622,cfos,168,1,1,0
622,cfos,169,1,1,0
622,cfos,170,1,1,0
622,cfos,171,0,1,0
622,cfos,172,0,1,0
622,cfos,173,0,1,0
622,cfos,174,0,1,0
622,cfos,175,0,1,0
622,cfos,176,0,1,0
622,cfos,177,0,1,0
622,cfos,178,1,1,1
622,cfos,179,1,1,1
622,cfos,180,0,1,0
622,cfos,181,0,1,0
622,cfos,182,0,1,0
622,cfos,183,0,1,0
622,cfos,184,0,1,0
622,cfos,185,0,1,0
622,cfos,186,0,1,1
622,cfos,187,0,1,0
622,cfos,188,0,1,0
622,cfos,189,0,1,0
622,cfos,190,0,1,0
622,cfos,191,0,1,0
622,cfos,192,0,1,0
622,cfos,193,0,1,0
622,cfos,194,0,1,0
622,cfos,195,0,1,0
622,cfos,196,0,1,0
622,cfos,197,0,1,0
622,cfos,198,0,1,0
622,cfos,199,0,1,0
622,cfos,200,1,1,0
622,cfos,201,0,1,0
622,cfos,202,0,1,0
622,cfos,203,0,1,0
622,cfos,204,0,1,0
622,cfos,205,0,1,0
622,cfos,206,0,1,0
622,cfos,207,0,1,0
622,cfos,208,0,1,0
622,cfos,209,0,1,0
622,cfos,210,0,1,0
622,cfos,211,0,1,0
622,cfos,212,0,1,0
622,cfos,213,0,1,0
622,cfos,214,0,1,0
622,cfos,215,1,1,0
622,cfos,216,1,1,0
622,cfos,217,0,1,0
622,cfos,218,0,1,0
622,cfos,219,0,1,0
622,cfos,220,1,1,0
622,cfos,221,0,1,0
622,cfos,222,0,1,0
622,cfos,223,0,1,0
622,cfos,224,1,1,0
622,cfos,225,0,1,0
622,cfos,226,0,1,0
622,oxa,1,1,0,0
622,oxa,2,1,0,0
622,oxa,3,1,0,0
622,oxa,4,1,0,0
622,oxa,5,1,0,0
622,oxa,6,1,0,0
622,oxa,7,1,0,0
622,oxa,8,1,0,0
622,oxa,9,1,0,0
622,oxa,10,1,0,0
622,oxa,11,1,0,0
622,oxa,12,1,0,0
622,oxa,13,1,0,0
622,oxa,14,1,0,0
622,oxa,15,1,0,0
622,oxa,16,1,0,0
622,oxa,17,1,0,0
622,oxa,18,1,0,0
622,oxa,19,1,0,0
622,oxa,20,1,0,0
622,oxa,21,1,0,0
622,oxa,22,1,0,0
622,oxa,23,1,0,0
622,oxa,24,1,0,0
622,oxa,25,1,0,0
622,oxa,26,1,0,0
622,oxa,27,1,0,0
622,oxa,28,1,0,0
622,oxa,29,1,0,0
622,oxa,30,1,0,0
622,oxa,31,1,0,0
622,oxa,32,1,0,0
622,oxa,33,1,0,0
622,oxa,34,1,0,0
622,oxa,35,1,0,0
622,oxa,36,1,0,0
622,oxa,37,1,0,0
622,oxa,38,1,0,0
622,oxa,39,1,0,0
622,oxa,40,1,0,0
622,oxa,41,1,0,0
622,oxa,42,1,0,0
622,oxa,43,1,0,0
622,oxa,44,1,0,0
622,oxa,45,1,0,0
622,oxa,46,1,0,0
622,oxa,47,1,0,0
622,oxa,48,1,0,0
622,oxa,49,1,0,0
622,oxa,50,1,0,0
622,oxa,51,1,0,0
622,oxa,52,1,0,0
622,oxa,53,1,0,0
622,oxa,54,1,0,0
622,oxa,55,1,0,0
622,oxa,56,1,0,0
622,oxa,57,1,0,0
622,oxa,58,1,0,0
622,oxa,59,1,0,0
622,oxa,60,1,0,0
622,oxa,61,1,0,0
622,oxa,62,1,0,0
622,oxa,63,1,0,0
622,oxa,64,1,0,0
622,oxa,65,1,0,0
622,oxa,66,1,0,0
622,oxa,67,1,0,0
622,oxa,68,1,0,0
622,oxa,69,1,0,0
622,oxa,70,1,0,0
622,oxa,71,1,0,0
622,oxa,72,1,0,0
622,oxa,73,1,0,0
622,oxa,74,1,0,0
622,oxa,75,1,0,0
622,oxa,76,1,0,0
622,oxa,77,1,0,0
622,oxa,78,1,0,0
622,oxa,79,1,0,0
622,oxa,80,1,0,0
622,oxa,81,1,0,0
622,oxa,82,1,0,0
622,oxa,83,1,0,0
622,oxa,84,1,0,0
622,oxa,85,1,0,0
622,oxa,86,1,0,0
622,oxa,87,1,0,0
622,oxa,88,1,0,0
622,oxa,89,1,0,0
622,oxa,90,1,0,0
622,oxa,91,1,0,0
622,oxa,92,1,0,0
622,oxa,93,1,0,0
622,oxa,94,1,0,0
622,oxa,95,1,0,0
622,oxa,96,1,0,0
622,oxa,97,1,0,0
622,oxa,98,1,0,0
622,oxa,99,1,0,0
622,oxa,100,1,0,0
622,oxa,101,1,0,0
622,oxa,102,1,0,0
622,oxa,103,1,0,0
622,oxa,104,1,0,0
622,oxa,105,1,0,0
622,oxa,106,1,0,0
622,oxa,107,1,0,0
622,oxa,108,1,0,0
622,oxa,109,1,0,0
622,oxa,110,1,0,0
622,oxa,111,1,0,0
622,oxa,112,1,0,0
622,oxa,113,1,0,0
622,oxa,114,1,0,0
622,oxa,115,1,0,0
622,oxa,116,1,0,1
622,oxa,117,1,0,1
622,oxa,118,1,0,0
622,oxa,119,1,0,0
622,oxa,120,1,0,0
622,oxa,121,1,0,0
622,oxa,122,1,0,0
622,oxa,123,1,0,0
622,oxa,124,1,0,0
622,oxa,125,1,0,0
622,oxa,126,1,0,1
622,oxa,127,1,0,0
622,oxa,128,1,0,0
622,oxa,129,1,0,0
622,oxa,130,1,0,0
622,oxa,131,1,0,0
622,oxa,132,1,0,0
622,oxa,133,1,0,0
622,oxa,134,1,0,0
622,oxa,135,1,0,0
622,oxa,136,1,0,0
622,oxa,137,1,0,0
622,oxa,138,1,0,0
622,oxa,139,1,0,0
622,oxa,140,1,0,0
622,oxa,141,1,0,0
622,oxa,142,1,0,1
622,oxa,143,1,0,1
622,oxa,144,1,0,0
622,oxa,145,1,0,0
622,oxa,146,1,0,0
622,oxa,147,1,0,0
622,oxa,148,1,0,0
622,oxa,149,1,0,1
622,oxa,150,1,0,0
622,oxa,151,1,0,0
622,oxa,152,1,0,1
622,oxa,153,1,0,0
622,oxa,154,1,0,0
622,oxa,155,1,0,0
622,oxa,156,1,0,0
622,oxa,157,1,0,0
622,oxa,158,1,0,0
622,oxa,159,1,0,0
622,oxa,160,1,0,0
622,oxa,161,1,0,0
622,oxa,162,1,0,0
622,oxa,163,1,0,1
622,oxa,164,1,0,0
622,oxa,165,1,0,1
622,oxa,166,1,0,0
622,oxa,167,1,0,0
622,oxa,168,1,0,0
622,oxa,169,1,0,0
622,oxa,170,1,0,0
622,oxa,171,1,0,0
622,oxa,172,1,0,0
622,oxa,173,1,0,0
622,oxa,174,1,0,0
622,oxa,175,1,0,0
622,oxa,176,1,0,0
622,oxa,177,1,0,0
622,oxa,178,1,0,0
622,oxa,179,1,0,1
622,oxa,180,1,0,0
622,oxa,181,1,0,0
622,oxa,182,1,0,0
622,oxa,183,1,0,0
622,oxa,184,1,0,0
622,oxa,185,1,0,0
622,oxa,186,1,0,0
622,oxa,187,1,0,0
622,oxa,188,1,0,0
622,oxa,189,1,0,0
622,oxa,190,1,0,0
622,oxa,191,1,0,0
622,oxa,192,1,0,0
622,oxa,193,1,0,0
622,oxa,194,1,0,0
622,oxa,195,1,0,0
622,oxa,196,1,0,0
622,oxa,197,1,0,0
622,oxa,198,1,0,0
622,oxa,199,1,0,0
622,oxa,200,1,0,1
622,oxa,201,1,0,1
622,oxa,202,1,0,0
622,oxa,203,1,0,0
622,oxa,204,1,0,0
622,oxa,205,1,0,0
622,oxa,206,1,0,1
622,oxa,207,1,0,0
622,oxa,208,1,0,0
622,oxa,209,1,0,0
622,oxa,210,1,0,0
622,oxa,211,1,0,1
622,oxa,212,1,0,0
622,oxa,213,1,0,0
622,oxa,214,1,0,0
622,oxa,215,1,0,1
622,oxa,216,1,0,0
622,oxa,217,1,0,1
622,oxa,218,1,0,0
622,oxa,219,1,0,0
622,oxa,220,1,0,0
622,oxa,221,1,0,0
622,oxa,222,1,0,0
622,oxa,223,1,0,0
622,oxa,224,1,0,0
622,oxa,225,1,0,1
622,oxa,226,1,0,0
622,oxa,227,1,0,0
622,oxa,228,1,0,1
622,oxa,229,1,0,0
622,oxa,230,1,0,1
622,oxa,231,1,0,0
622,oxa,232,1,0,0
622,oxa,233,1,0,0
622,oxa,234,1,0,0
622,oxa,235,1,0,0
622,oxa,236,1,0,0
622,oxa,237,1,0,0
622,oxa,238,1,0,0
622,oxa,239,1,0,1
622,oxa,240,1,0,1
622,oxa,241,1,0,1
622,oxa,242,1,0,1
622,oxa,243,1,0,1
622,oxa,244,1,0,0
622,oxa,245,1,0,0
622,oxa,246,1,0,0
622,oxa,247,1,0,0
622,oxa,248,1,0,1
622,oxa,249,1,0,0
622,oxa,250,1,0,0
622,oxa,251,1,0,0
622,oxa,252,1,0,0
622,oxa,253,1,0,0
622,oxa,254,1,0,0
622,oxa,255,1,0,0
622,oxa,256,1,0,0
622,oxa,257,1,0,0
622,oxa,258,1,0,0
622,oxa,259,1,0,0
622,oxa,260,1,0,0
622,oxa,261,1,0,1
622,oxa,262,1,0,0
622,oxa,263,1,0,0
622,oxa,264,1,0,0
622,oxa,265,1,0,0
622,oxa,266,1,0,0
622,oxa,267,1,0,0
622,oxa,268,1,0,1
622,oxa,269,1,0,1
622,oxa,270,1,0,0
622,oxa,271,1,0,1
622,oxa,272,1,0,1
622,oxa,273,1,0,0
622,oxa,274,1,0,1
622,oxa,275,1,0,0
622,oxa,276,1,0,1
622,oxa,277,1,0,0
622,oxa,278,1,0,0
622,oxa,279,1,0,0
622,oxa,280,1,0,0
622,oxa,281,1,0,0
622,rb,1,0,0,1
622,rb,2,0,0,1
622,rb,3,0,0,1
622,rb,4,0,0,1
622,rb,5,0,0,1
622,rb,6,0,0,1
622,rb,7,0,0,1
622,rb,8,0,0,1
622,rb,9,0,0,1
622,rb,10,0,0,1
622,rb,11,0,0,1
622,rb,12,0,0,1
622,rb,13,0,0,1
622,rb,14,0,0,1
622,rb,15,0,0,1
622,rb,16,0,0,1
622,rb,17,0,0,1
622,rb,18,0,0,1
622,rb,19,0,0,1
622,rb,20,0,0,1
622,rb,21,0,0,1
622,rb,22,0,0,1
622,rb,23,0,0,1
622,rb,24,0,0,1
622,rb,25,0,0,1
622,rb,26,0,0,1
622,rb,27,0,0,1
622,rb,28,0,0,1
622,rb,29,0,0,1
622,rb,30,0,0,1
622,rb,31,0,0,1
622,rb,32,0,0,1
622,rb,33,0,0,1
622,rb,34,0,0,1
622,rb,35,0,0,1
622,rb,36,0,0,1
622,rb,37,0,0,1
622,rb,38,0,0,1
622,rb,39,0,0,1
622,rb,40,0,0,1
622,rb,41,0,0,1
622,rb,42,0,0,1
622,rb,43,0,0,1
622,rb,44,0,0,1
622,rb,45,0,0,1
622,rb,46,0,0,1
622,rb,47,0,0,1
622,rb,48,0,0,1
622,rb,49,0,0,1
622,rb,50,0,0,1
622,rb,51,0,0,1
622,rb,52,0,0,1
622,rb,53,0,0,1
622,rb,54,0,0,1
622,rb,55,0,0,1
622,rb,56,0,0,1
622,rb,57,0,0,1
622,rb,58,0,0,1
622,rb,59,0,0,1
622,rb,60,0,0,1
622,rb,61,0,0,1
622,rb,62,0,0,1
622,rb,63,0,0,1
622,rb,64,0,0,1
622,rb,65,0,0,1
622,rb,66,0,0,1
622,rb,67,0,0,1
622,rb,68,0,0,1
622,rb,69,0,0,1
622,rb,70,0,0,1
622,rb,71,0,0,1
622,rb,72,0,0,1
622,rb,73,0,0,1
622,rb,74,0,0,1
622,rb,75,0,0,1
622,rb,76,0,0,1
622,rb,77,0,0,1
622,rb,78,0,0,1
622,rb,79,0,0,1
622,rb,80,0,0,1
622,rb,81,0,0,1
622,rb,82,0,0,1
622,rb,83,0,0,1
622,rb,84,0,0,1
622,rb,85,0,0,1
622,rb,86,0,0,1
622,rb,87,0,0,1
622,rb,88,0,0,1
622,rb,89,0,0,1
622,rb,90,0,0,1
622,rb,91,0,0,1
622,rb,92,0,0,1
622,rb,93,0,0,1
622,rb,94,0,0,1
622,rb,95,0,0,1
622,rb,96,0,0,1
622,rb,97,0,0,1
622,rb,98,0,0,1
622,rb,99,0,0,1
622,rb,100,0,0,1
622,rb,101,0,0,1
622,rb,102,0,0,1
622,rb,103,0,0,1
622,rb,104,0,0,1
622,rb,105,0,0,1
622,rb,106,0,0,1
622,rb,107,0,0,1
622,rb,108,0,0,1
622,rb,109,0,0,1
622,rb,110,0,0,1
623,cfos,1,0,1,1
623,cfos,2,0,1,0
623,cfos,3,0,1,0
623,cfos,4,0,1,0
623,cfos,5,0,1,0
623,cfos,6,0,1,0
623,cfos,7,0,1,0
623,cfos,8,0,1,0
623,cfos,9,0,1,0
623,cfos,10,0,1,0
623,cfos,11,0,1,1
623,cfos,12,0,1,1
623,cfos,13,0,1,1
623,cfos,14,0,1,1
623,cfos,15,0,1,1
623,cfos,16,0,1,1
623,cfos,17,0,1,1
623,cfos,18,0,1,0
623,cfos,19,0,1,1
623,cfos,20,0,1,0
623,cfos,21,0,1,1
623,cfos,22,0,1,0
623,cfos,23,0,1,0
623,cfos,24,0,1,0
623,cfos,25,0,1,0
623,cfos,26,0,1,0
623,cfos,27,0,1,1
623,cfos,28,0,1,1
623,cfos,29,0,1,1
623,cfos,30,0,1,1
623,cfos,31,0,1,0
623,cfos,32,1,1,1
623,cfos,33,0,1,0
623,cfos,34,0,1,1
623,cfos,35,0,1,0
623,cfos,36,0,1,1
623,cfos,37,0,1,0
623,cfos,38,0,1,0
623,cfos,39,0,1,1
623,cfos,40,0,1,1
623,cfos,41,0,1,0
623,cfos,42,0,1,0
623,cfos,43,0,1,0
623,cfos,44,0,1,0
623,cfos,45,0,1,0
623,cfos,46,0,1,0
623,cfos,47,0,1,0
623,cfos,48,0,1,0
623,cfos,49,0,1,1
623,cfos,50,1,1,0
623,cfos,51,0,1,0
623,cfos,52,1,1,0
623,cfos,53,1,1,0
623,cfos,54,1,1,0
623,cfos,55,0,1,0
623,cfos,56,0,1,1
623,cfos,57,0,1,0
623,cfos,58,1,1,0
623,cfos,59,1,1,1
623,cfos,60,0,1,0
623,cfos,61,1,1,1
623,cfos,62,1,1,0
623,cfos,63,0,1,1
623,cfos,64,1,1,1
623,cfos,65,1,1,0
623,cfos,66,0,1,1
623,cfos,67,0,1,0
623,cfos,68,0,1,0
623,cfos,69,0,1,0
623,cfos,70,0,1,0
623,cfos,71,1,1,1
623,cfos,72,0,1,0
623,cfos,73,0,1,0
623,cfos,74,0,1,0
623,cfos,75,0,1,0
623,cfos,76,0,1,0
623,cfos,77,0,1,1
623,cfos,78,0,1,1
623,cfos,79,1,1,0
623,cfos,80,1,1,0
623,cfos,81,1,1,1
623,cfos,82,0,1,0
623,cfos,83,0,1,0
623,cfos,84,0,1,0
623,cfos,85,0,1,0
623,cfos,86,0,1,0
623,cfos,87,0,1,0
623,cfos,88,0,1,0
623,cfos,89,0,1,0
623,cfos,90,0,1,0
623,cfos,91,0,1,0
623,cfos,92,0,1,0
623,cfos,93,0,1,0
623,cfos,94,0,1,0
623,cfos,95,0,1,0
623,cfos,96,1,1,0
623,cfos,97,0,1,0
623,cfos,98,0,1,0
623,cfos,99,0,1,0
623,cfos,100,0,1,0
623,cfos,101,0,1,0
623,cfos,102,0,1,0
623,cfos,103,0,1,0
623,cfos,104,0,1,0
623,cfos,105,0,1,0
623,cfos,106,0,1,0
623,cfos,107,0,1,1
623,cfos,108,0,1,0
623,cfos,109,0,1,0
623,cfos,110,0,1,0
623,cfos,111,0,1,0
623,cfos,112,0,1,0
623,cfos,113,0,1,0
623,cfos,114,0,1,0
623,cfos,115,0,1,0
623,cfos,116,0,1,0
623,cfos,117,0,1,0
623,cfos,118,0,1,0
623,cfos,119,0,1,0
623,cfos,120,0,1,0
623,cfos,121,0,1,0
623,cfos,122,0,1,0
623,cfos,123,0,1,0
623,cfos,124,0,1,0
623,cfos,125,0,1,0
623,cfos,126,0,1,0
623,cfos,127,0,1,0
623,cfos,128,0,1,0
623,cfos,129,0,1,0
623,cfos,130,0,1,0
623,cfos,131,0,1,0
623,cfos,132,0,1,0
623,cfos,133,0,1,0
623,cfos,134,0,1,0
623,cfos,135,0,1,0
623,cfos,136,0,1,0
623,cfos,137,0,1,0
623,cfos,138,0,1,0
623,cfos,139,0,1,0
623,cfos,140,0,1,0
623,cfos,141,0,1,0
623,cfos,142,0,1,0
623,cfos,143,0,1,0
623,cfos,144,0,1,0
623,cfos,145,0,1,0
623,cfos,146,1,1,0
623,cfos,147,0,1,0
623,cfos,148,0,1,0
623,cfos,149,0,1,0
623,cfos,150,0,1,0
623,cfos,151,0,1,0
623,cfos,152,0,1,0
623,cfos,153,0,1,0
623,cfos,154,0,1,0
623,cfos,155,0,1,0
623,cfos,156,0,1,0
623,cfos,157,0,1,0
623,cfos,158,0,1,0
623,cfos,159,0,1,0
623,cfos,160,0,1,0
623,cfos,161,1,1,0
623,oxa,1,1,0,0
623,oxa,2,1,0,0
623,oxa,3,1,0,0
623,oxa,4,1,0,0
623,oxa,5,1,0,1
623,oxa,6,1,0,0
623,oxa,7,1,0,0
623,oxa,8,1,0,0
623,oxa,9,1,0,0
623,oxa,10,1,0,0
623,oxa,11,1,0,0
623,oxa,12,1,0,1
623,oxa,13,1,0,0
623,oxa,14,1,0,1
623,oxa,15,1,0,0
623,oxa,16,1,0,1
623,oxa,17,1,0,0
623,oxa,18,1,0,0
623,oxa,19,1,0,0
623,oxa,20,1,0,0
623,oxa,21,1,0,1
623,oxa,22,1,0,1
623,oxa,23,1,0,1
623,oxa,24,1,0,0
623,oxa,25,1,0,0
623,oxa,26,1,0,0
623,oxa,27,1,0,0
623,oxa,28,1,0,1
623,rb,1,0,0,1
623,rb,2,0,0,1
623,rb,3,0,0,1
623,rb,4,0,0,1
623,rb,5,0,0,1
623,rb,6,0,0,1
623,rb,7,0,0,1
623,rb,8,0,0,1
623,rb,9,0,0,1
623,rb,10,0,0,1
623,rb,11,0,0,1
623,rb,12,0,0,1
623,rb,13,0,0,1
623,rb,14,0,0,1
623,rb,15,0,0,1
623,rb,16,0,0,1
623,rb,17,0,0,1
623,rb,18,0,0,1
623,rb,19,0,0,1
623,rb,20,0,0,1
623,rb,21,0,0,1
623,rb,22,0,0,1
623,rb,23,0,0,1
623,rb,24,0,0,1
623,rb,25,0,0,1
623,rb,26,0,0,1
623,rb,27,0,0,1
623,rb,28,0,0,1
623,rb,29,0,0,1
623,rb,30,0,0,1
623,rb,31,0,0,1
623,rb,32,0,0,1
623,rb,33,0,0,1
623,rb,34,0,0,1
623,rb,35,0,0,1
623,rb,36,0,0,1
623,rb,37,0,0,1
623,rb,38,0,0,1
623,rb,39,0,0,1
623,rb,40,0,0,1
623,rb,41,0,0,1
623,rb,42,0,0,1
623,rb,43,0,0,1
623,rb,44,0,0,1
623,rb,45,0,0,1
623,rb,46,0,0,1
623,rb,47,0,0,1
623,rb,48,0,0,1
623,rb,49,0,0,1
623,rb,50,0,0,1
623,rb,51,0,0,1
623,rb,52,0,0,1
623,rb,53,0,0,1
623,rb,54,0,0,1
623,rb,55,0,0,1
623,rb,56,0,0,1
623,rb,57,0,0,1
623,rb,58,0,0,1
623,rb,59,0,0,1
623,rb,60,0,0,1
623,rb,61,0,0,1
623,rb,62,0,0,1
623,rb,63,0,0,1
623,rb,64,0,0,1
623,rb,65,0,0,1
623,rb,66,0,0,1
623,rb,67,0,0,1
623,rb,68,0,0,1
623,rb,69,0,0,1
623,rb,70,0,0,1
623,rb,71,0,0,1
623,rb,72,0,0,1
623,rb,73,0,0,1
623,rb,74,0,0,1
623,rb,75,0,0,1
623,rb,76,0,0,1
623,rb,77,0,0,1
623,rb,78,0,0,1
623,rb,79,0,0,1
623,rb,80,0,0,1
623,rb,81,0,0,1
623,rb,82,0,0,1
623,rb,83,0,0,1
623,rb,84,0,0,1
623,rb,85,0,0,1
623,rb,86,0,0,1
623,rb,87,0,0,1
623,rb,88,0,0,1
623,rb,89,0,0,1
623,rb,90,0,0,1
623,rb,91,0,0,1
623,rb,92,0,0,1
623,rb,93,0,0,1
623,rb,94,0,0,1
623,rb,95,0,0,1
623,rb,96,0,0,1
623,rb,97,0,0,1
623,rb,98,0,0,1
623,rb,99,0,0,1
623,rb,100,0,0,1
623,rb,101,0,0,1
623,rb,102,0,0,1
623,rb,103,0,0,1
623,rb,104,0,0,1
623,rb,105,0,0,1
623,rb,106,0,0,1
623,rb,107,0,0,1
623,rb,108,0,0,1
623,rb,109,0,0,1
623,rb,110,0,0,1
623,rb,111,0,0,1
623,rb,112,0,0,1
623,rb,113,0,0,1
623,rb,114,0,0,1
623,rb,115,0,0,1
623,rb,116,0,0,1
623,rb,117,0,0,1
623,rb,118,0,0,1
623,rb,119,0,0,1
623,rb,120,0,0,1
623,rb,121,0,0,1
623,rb,122,0,0,1
623,rb,123,0,0,1
623,rb,124,0,0,1
623,rb,125,0,0,1
623,rb,126,0,0,1
623,rb,127,0,0,1
623,rb,128,0,0,1
623,rb,129,0,0,1
623,rb,130,0,0,1
623,rb,131,0,0,1
623,rb,132,0,0,1
623,rb,133,0,0,1
623,rb,134,0,0,1
623,rb,135,0,0,1
623,rb,136,0,0,1
623,rb,137,0,0,1
623,rb,138,0,0,1
623,rb,139,0,0,1
623,rb,140,0,0,1
623,rb,141,0,0,1
623,rb,142,0,0,1
623,rb,143,0,0,1
623,rb,144,0,0,1
623,rb,145,0,0,1
623,rb,146,0,0,1
623,rb,147,0,0,1
623,rb,148,0,0,1
623,rb,149,0,0,1
623,rb,150,0,0,1
623,rb,151,0,0,1
623,rb,152,0,0,1
623,rb,153,0,0,1
623,rb,154,0,0,1
623,rb,155,0,0,1
623,rb,156,0,0,1
623,rb,157,0,0,1
623,rb,158,0,0,1
623,rb,159,0,0,1
623,rb,160,0,0,1
623,rb,161,0,0,1
623,rb,162,0,0,1
623,rb,163,0,0,1
623,rb,164,0,0,1
623,rb,165,0,0,1
623,rb,166,0,0,1
623,rb,167,0,0,1
623,rb,168,0,0,1
623,rb,169,0,0,1
623,rb,170,0,0,1
623,rb,171,0,0,1
623,rb,172,0,0,1
623,rb,173,0,0,1
623,rb,174,0,0,1
623,rb,175,0,0,1
623,rb,176,0,0,1
623,rb,177,0,0,1
623,rb,178,0,0,1
623,rb,179,0,0,1
623,rb,180,0,0,1
623,rb,181,0,0,1
623,rb,182,0,0,1
623,rb,183,0,0,1
623,rb,184,0,0,1
623,rb,185,0,0,1
623,rb,186,0,0,1
623,rb,187,0,0,1
623,rb,188,0,0,1
623,rb,189,0,0,1
623,rb,190,0,0,1
624,cfos,1,0,1,0
624,cfos,2,0,1,0
624,cfos,3,0,1,0
624,cfos,4,0,1,0
624,cfos,5,0,1,0
624,cfos,6,0,1,0
624,cfos,7,0,1,0
624,cfos,8,0,1,0
624,cfos,9,1,1,1
624,cfos,10,0,1,0
624,cfos,11,0,1,0
624,cfos,12,0,1,1
624,cfos,13,0,1,0
624,cfos,14,1,1,0
624,cfos,15,0,1,0
624,cfos,16,1,1,0
624,cfos,17,0,1,0
624,cfos,18,1,1,0
624,cfos,19,0,1,0
624,cfos,20,1,1,0
624,cfos,21,0,1,0
624,cfos,22,0,1,0
624,cfos,23,0,1,0
624,cfos,24,0,1,0
624,cfos,25,0,1,0
624,cfos,26,0,1,0
624,cfos,27,0,1,0
624,cfos,28,0,1,0
624,cfos,29,0,1,0
624,cfos,30,0,1,0
624,cfos,31,1,1,0
624,cfos,32,1,1,0
624,cfos,33,0,1,0
624,cfos,34,1,1,0
624,cfos,35,1,1,0
624,cfos,36,0,1,0
624,cfos,37,1,1,0
624,cfos,38,0,1,0
624,cfos,39,1,1,1
624,cfos,40,1,1,0
624,cfos,41,1,1,0
624,cfos,42,1,1,0
624,cfos,43,0,1,0
624,cfos,44,1,1,0
624,cfos,45,0,1,0
624,cfos,46,1,1,0
624,cfos,47,1,1,0
624,cfos,48,1,1,0
624,cfos,49,0,1,0
624,cfos,50,0,1,0
624,cfos,51,0,1,0
624,cfos,52,0,1,0
624,cfos,53,0,1,0
624,cfos,54,1,1,0
624,cfos,55,1,1,0
624,cfos,56,1,1,0
624,cfos,57,0,1,0
624,cfos,58,0,1,0
624,cfos,59,0,1,0
624,cfos,60,0,1,0
624,cfos,61,0,1,0
624,cfos,62,0,1,0
624,cfos,63,0,1,0
624,cfos,64,0,1,0
624,cfos,65,0,1,0
624,cfos,66,0,1,0
624,cfos,67,0,1,0
624,cfos,68,0,1,0
624,cfos,69,0,1,0
624,cfos,70,0,1,0
624,cfos,71,0,1,0
624,cfos,72,1,1,0
624,cfos,73,1,1,0
624,cfos,74,1,1,0
624,cfos,75,0,1,0
624,cfos,76,1,1,0
624,cfos,77,1,1,0
624,cfos,78,1,1,0
624,cfos,79,1,1,0
624,cfos,80,0,1,0
624,cfos,81,0,1,0
624,cfos,82,0,1,0
624,cfos,83,0,1,0
624,cfos,84,1,1,0
624,cfos,85,0,1,0
624,cfos,86,0,1,0
624,cfos,87,0,1,0
624,cfos,88,1,1,0
624,cfos,89,0,1,0
624,cfos,90,1,1,0
624,cfos,91,0,1,0
624,cfos,92,0,1,0
624,cfos,93,0,1,1
624,cfos,94,0,1,1
624,cfos,95,1,1,0
624,cfos,96,1,1,0
624,cfos,97,1,1,0
624,cfos,98,0,1,0
624,cfos,99,0,1,0
624,cfos,100,0,1,0
624,cfos,101,0,1,0
624,cfos,102,1,1,0
624,cfos,103,0,1,0
624,cfos,104,1,1,0
624,cfos,105,0,1,0
624,cfos,106,0,1,0
624,cfos,107,0,1,0
624,cfos,108,0,1,0
624,cfos,109,1,1,0
624,cfos,110,0,1,0
624,cfos,111,1,1,0
624,cfos,112,1,1,0
624,cfos,113,1,1,0
624,cfos,114,1,1,0
624,cfos,115,0,1,0
624,cfos,116,1,1,0
624,cfos,117,1,1,0
624,cfos,118,1,1,0
624,cfos,119,1,1,0
624,cfos,120,1,1,0
624,cfos,121,1,1,0
624,cfos,122,1,1,0
624,cfos,123,1,1,0
624,cfos,124,1,1,0
624,cfos,125,0,1,0
624,cfos,126,1,1,0
624,cfos,127,1,1,0
624,cfos,128,1,1,0
624,cfos,129,0,1,0
624,cfos,130,1,1,0
624,cfos,131,1,1,0
624,cfos,132,1,1,0
624,cfos,133,1,1,0
624,cfos,134,1,1,0
624,cfos,135,1,1,0
624,cfos,136,1,1,0
624,cfos,137,1,1,0
624,cfos,138,0,1,0
624,cfos,139,1,1,0
624,cfos,140,1,1,0
624,cfos,141,0,1,0
624,cfos,142,0,1,0
624,cfos,143,1,1,0
624,cfos,144,0,1,0
624,cfos,145,1,1,0
624,cfos,146,1,1,0
624,cfos,147,1,1,0
624,cfos,148,1,1,0
624,cfos,149,0,1,0
624,cfos,150,0,1,0
624,cfos,151,1,1,0
624,cfos,152,0,1,0
624,cfos,153,0,1,0
624,cfos,154,0,1,0
624,cfos,155,0,1,0
624,cfos,156,0,1,0
624,cfos,157,0,1,0
624,cfos,158,1,1,0
624,cfos,159,0,1,0
624,cfos,160,0,1,0
624,cfos,161,0,1,0
624,cfos,162,0,1,0
624,cfos,163,0,1,0
624,cfos,164,0,1,0
624,cfos,165,0,1,0
624,cfos,166,0,1,0
624,cfos,167,0,1,0
624,cfos,168,0,1,0
624,cfos,169,0,1,0
624,cfos,170,0,1,0
624,cfos,171,0,1,0
624,cfos,172,0,1,0
624,cfos,173,0,1,0
624,cfos,174,0,1,0
624,cfos,175,0,1,0
624,cfos,176,0,1,0
624,cfos,177,0,1,0
624,cfos,178,0,1,0
624,cfos,179,0,1,0
624,cfos,180,0,1,0
624,cfos,181,0,1,0
624,cfos,182,0,1,0
624,cfos,183,0,1,0
624,cfos,184,0,1,1
624,cfos,185,0,1,0
624,cfos,186,1,1,0
624,cfos,187,0,1,0
624,cfos,188,1,1,0
624,cfos,189,1,1,0
624,cfos,190,0,1,0
624,cfos,191,1,1,0
624,cfos,192,0,1,0
624,cfos,193,0,1,0
624,cfos,194,0,1,0
624,cfos,195,0,1,0
624,cfos,196,0,1,0
624,cfos,197,1,1,0
624,cfos,198,1,1,0
624,cfos,199,0,1,0
624,cfos,200,1,1,0
624,cfos,201,1,1,0
624,cfos,202,1,1,0
624,cfos,203,1,1,0
624,cfos,204,1,1,0
624,cfos,205,0,1,0
624,cfos,206,1,1,1
624,cfos,207,1,1,0
624,cfos,208,0,1,0
624,cfos,209,0,1,0
624,cfos,210,0,1,0
624,cfos,211,0,1,0
624,cfos,212,0,1,0
624,cfos,213,0,1,0
624,cfos,214,0,1,0
624,cfos,215,0,1,0
624,cfos,216,0,1,0
624,cfos,217,0,1,0
624,cfos,218,0,1,0
624,cfos,219,1,1,1
624,cfos,220,1,1,1
624,cfos,221,0,1,0
624,cfos,222,0,1,0
624,cfos,223,1,1,0
624,cfos,224,1,1,0
624,cfos,225,1,1,0
624,cfos,226,0,1,0
624,cfos,227,0,1,0
624,cfos,228,0,1,0
624,cfos,229,1,1,0
624,cfos,230,1,1,0
624,cfos,231,0,1,0
624,cfos,232,1,1,0
624,cfos,233,1,1,0
624,cfos,234,1,1,0
624,cfos,235,1,1,0
624,cfos,236,0,1,1
624,cfos,237,0,1,0
624,cfos,238,1,1,0
624,cfos,239,0,1,0
624,cfos,240,1,1,0
624,cfos,241,0,1,0
624,cfos,242,1,1,0
624,cfos,243,0,1,0
624,cfos,244,0,1,0
624,cfos,245,0,1,0
624,cfos,246,0,1,0
624,cfos,247,0,1,0
624,cfos,248,1,1,0
624,cfos,249,0,1,0
624,cfos,250,0,1,0
624,cfos,251,0,1,0
624,cfos,252,1,1,0
624,cfos,253,1,1,0
624,cfos,254,0,1,0
624,cfos,255,0,1,0
624,cfos,256,0,1,0
624,cfos,257,0,1,0
624,cfos,258,0,1,0
624,cfos,259,0,1,0
624,cfos,260,0,1,0
624,cfos,261,0,1,0
624,cfos,262,0,1,0
624,cfos,263,0,1,0
624,cfos,264,0,1,0
624,cfos,265,0,1,1
624,cfos,266,0,1,0
624,cfos,267,0,1,0
624,cfos,268,0,1,0
624,cfos,269,0,1,0
624,cfos,270,0,1,0
624,cfos,271,0,1,1
624,cfos,272,0,1,1
624,cfos,273,0,1,0
624,cfos,274,0,1,0
624,cfos,275,0,1,1
624,cfos,276,0,1,0
624,cfos,277,0,1,0
624,cfos,278,0,1,0
624,cfos,279,0,1,0
624,cfos,280,0,1,0
624,cfos,281,0,1,1
624,cfos,282,0,1,0
624,cfos,283,0,1,1
624,cfos,284,0,1,0
624,cfos,285,0,1,0
624,cfos,286,0,1,0
624,cfos,287,0,1,1
624,cfos,288,1,1,1
624,cfos,289,0,1,1
624,oxa,1,1,0,0
624,oxa,2,1,0,0
624,oxa,3,1,0,0
624,oxa,4,1,0,1
624,oxa,5,1,0,0
624,oxa,6,1,0,0
624,oxa,7,1,0,0
624,oxa,8,1,0,0
624,oxa,9,1,0,0
624,oxa,10,1,0,0
624,oxa,11,1,0,0
624,oxa,12,1,0,0
624,oxa,13,1,0,0
624,oxa,14,1,0,0
624,oxa,15,1,0,0
624,oxa,16,1,0,0
624,oxa,17,1,0,0
624,oxa,18,1,0,0
624,oxa,19,1,0,0
624,oxa,20,1,0,0
624,oxa,21,1,0,0
624,oxa,22,1,0,0
624,oxa,23,1,0,0
624,oxa,24,1,0,0
624,oxa,25,1,0,0
624,oxa,26,1,0,0
624,oxa,27,1,0,0
624,oxa,28,1,0,0
624,oxa,29,1,0,0
624,oxa,30,1,0,0
624,oxa,31,1,0,0
624,oxa,32,1,0,0
624,oxa,33,1,0,0
624,oxa,34,1,0,0
624,oxa,35,1,0,0
624,oxa,36,1,0,0
624,oxa,37,1,0,0
624,oxa,38,1,0,0
624,oxa,39,1,0,0
624,oxa,40,1,0,0
624,oxa,41,1,0,0
624,oxa,42,1,0,0
624,oxa,43,1,0,0
624,oxa,44,1,0,0
624,oxa,45,1,0,0
624,oxa,46,1,0,0
624,oxa,47,1,0,0
624,oxa,48,1,0,0
624,oxa,49,1,0,0
624,oxa,50,1,0,0
624,oxa,51,1,0,0
624,oxa,52,1,0,1
624,oxa,53,1,0,0
624,oxa,54,1,0,0
624,oxa,55,1,0,0
624,oxa,56,1,0,0
624,oxa,57,1,0,0
624,oxa,58,1,0,1
624,oxa,59,1,0,0
624,oxa,60,1,0,1
624,oxa,61,1,0,1
624,oxa,62,1,0,1
624,oxa,63,1,0,0
624,oxa,64,1,0,0
624,oxa,65,1,0,0
624,oxa,66,1,0,0
624,oxa,67,1,0,0
624,oxa,68,1,0,0
624,oxa,69,1,0,1
624,oxa,70,1,0,0
624,oxa,71,1,0,0
624,oxa,72,1,0,0
624,oxa,73,1,0,0
624,oxa,74,1,0,0
624,oxa,75,1,0,0
624,oxa,76,1,0,0
624,oxa,77,1,0,1
624,oxa,78,1,0,0
624,oxa,79,1,0,1
624,oxa,80,1,0,0
624,oxa,81,1,0,0
624,oxa,82,1,0,0
624,oxa,83,1,0,0
624,oxa,84,1,0,0
624,oxa,85,1,0,0
624,oxa,86,1,0,0
624,oxa,87,1,0,0
624,oxa,88,1,0,0
624,oxa,89,1,0,0
624,oxa,90,1,0,0
624,oxa,91,1,0,0
624,oxa,92,1,0,0
624,oxa,93,1,0,0
624,oxa,94,1,0,0
624,oxa,95,1,0,0
624,oxa,96,1,0,0
624,oxa,97,1,0,0
624,oxa,98,1,0,0
624,oxa,99,1,0,0
624,oxa,100,1,0,0
624,oxa,101,1,0,0
624,oxa,102,1,0,0
624,oxa,103,1,0,0
624,oxa,104,1,0,0
624,oxa,105,1,0,0
624,oxa,106,1,0,0
624,oxa,107,1,0,0
624,oxa,108,1,0,0
624,oxa,109,1,0,0
624,oxa,110,1,0,0
624,oxa,111,1,0,0
624,oxa,112,1,0,0
624,oxa,113,1,0,0
624,oxa,114,1,0,0
624,oxa,115,1,0,0
624,oxa,116,1,0,0
624,oxa,117,1,0,0
624,oxa,118,1,0,0
624,oxa,119,1,0,0
624,oxa,120,1,0,0
624,oxa,121,1,0,0
624,oxa,122,1,0,0
624,oxa,123,1,0,0
624,oxa,124,1,0,0
624,oxa,125,1,0,0
624,oxa,126,1,0,0
624,oxa,127,1,0,0
624,oxa,128,1,0,0
624,oxa,129,1,0,0
624,oxa,130,1,0,0
624,oxa,131,1,0,0
624,oxa,132,1,0,0
624,oxa,133,1,0,0
624,oxa,134,1,0,0
624,oxa,135,1,0,0
624,oxa,136,1,0,1
624,oxa,137,1,0,1
624,oxa,138,1,0,1
624,oxa,139,1,0,0
624,oxa,140,1,0,0
624,oxa,141,1,0,0
624,oxa,142,1,0,0
624,oxa,143,1,0,0
624,oxa,144,1,0,1
624,oxa,145,1,0,1
624,oxa,146,1,0,1
624,oxa,147,1,0,1
624,oxa,148,1,0,1
624,oxa,149,1,0,1
624,oxa,150,1,0,1
624,oxa,151,1,0,0
624,oxa,152,1,0,0
624,oxa,153,1,0,1
624,oxa,154,1,0,1
624,oxa,155,1,0,1
624,oxa,156,1,0,0
624,oxa,157,1,0,0
624,oxa,158,1,0,0
624,oxa,159,1,0,0
624,oxa,160,1,0,1
624,oxa,161,1,0,1
624,oxa,162,1,0,0
624,oxa,163,1,0,1
624,oxa,164,1,0,1
624,oxa,165,1,0,0
624,oxa,166,1,0,1
624,oxa,167,1,0,1
624,oxa,168,1,0,0
624,oxa,169,1,0,0
624,oxa,170,1,0,0
624,oxa,171,1,0,0
624,oxa,172,1,0,0
624,oxa,173,1,0,0
624,oxa,174,1,0,0
624,oxa,175,1,0,0
624,oxa,176,1,0,0
624,oxa,177,1,0,0
624,oxa,178,1,0,0
624,oxa,179,1,0,0
624,oxa,180,1,0,0
624,oxa,181,1,0,0
624,oxa,182,1,0,0
624,oxa,183,1,0,0
624,oxa,184,1,0,0
624,oxa,185,1,0,0
624,oxa,186,1,0,0
624,oxa,187,1,0,0
624,oxa,188,1,0,0
624,oxa,189,1,0,0
624,oxa,190,1,0,0
624,oxa,191,1,0,0
624,oxa,192,1,0,0
624,oxa,193,1,0,0
624,oxa,194,1,0,0
624,oxa,195,1,0,0
624,oxa,196,1,0,0
624,oxa,197,1,0,0
624,oxa,198,1,0,0
624,oxa,199,1,0,0
624,oxa,200,1,0,0
624,oxa,201,1,0,0
624,oxa,202,1,0,0
624,oxa,203,1,0,0
624,oxa,204,1,0,0
624,oxa,205,1,0,0
624,oxa,206,1,0,0
624,oxa,207,1,0,0
624,oxa,208,1,0,0
624,oxa,209,1,0,0
624,oxa,210,1,0,0
624,oxa,211,1,0,0
624,oxa,212,1,0,0
624,oxa,213,1,0,0
624,oxa,214,1,0,0
624,oxa,215,1,0,0
624,oxa,216,1,0,0
624,oxa,217,1,0,0
624,oxa,218,1,0,0
624,oxa,219,1,0,0
624,oxa,220,1,0,0
624,oxa,221,1,0,0
624,oxa,222,1,0,0
624,oxa,223,1,0,0
624,oxa,224,1,0,0
624,oxa,225,1,0,0
624,oxa,226,1,0,0
624,oxa,227,1,0,0
624,oxa,228,1,0,0
624,oxa,229,1,0,0
624,oxa,230,1,0,0
624,oxa,231,1,0,0
624,oxa,232,1,0,0
624,oxa,233,1,0,0
624,oxa,234,1,0,0
624,oxa,235,1,0,0
624,oxa,236,1,0,0
624,oxa,237,1,0,0
624,oxa,238,1,0,0
624,oxa,239,1,0,0
624,oxa,240,1,0,0
624,oxa,241,1,0,0
624,oxa,242,1,0,0
624,oxa,243,1,0,0
624,oxa,244,1,0,0
624,oxa,245,1,0,0
624,oxa,246,1,0,0
624,oxa,247,1,0,0
624,oxa,248,1,0,0
624,oxa,249,1,0,0
624,oxa,250,1,0,0
624,oxa,251,1,0,0
624,oxa,252,1,0,0
624,oxa,253,1,0,0
624,oxa,254,1,0,0
624,oxa,255,1,0,0
624,oxa,256,1,0,0
624,oxa,257,1,0,1
624,oxa,258,1,0,1
624,oxa,259,1,0,1
624,oxa,260,1,0,0
624,oxa,261,1,0,1
624,oxa,262,1,0,1
624,oxa,263,1,0,1
624,oxa,264,1,0,0
624,oxa,265,1,0,1
624,oxa,266,1,0,1
624,oxa,267,1,0,0
624,oxa,268,1,0,0
624,oxa,269,1,0,1
624,oxa,270,1,0,1
624,oxa,271,1,0,0
624,oxa,272,1,0,0
624,oxa,273,1,0,1
624,oxa,274,1,0,1
624,oxa,275,1,0,1
624,oxa,276,1,0,1
624,oxa,277,1,0,0
624,oxa,278,1,0,1
624,oxa,279,1,0,1
624,oxa,280,1,0,1
624,oxa,281,1,0,1
624,oxa,282,1,0,1
624,oxa,283,1,0,1
624,oxa,284,1,0,1
624,oxa,285,1,0,0
624,oxa,286,1,0,0
624,oxa,287,1,0,0
624,oxa,288,1,0,0
624,oxa,289,1,0,1
624,oxa,290,1,0,1
624,oxa,291,1,0,1
624,oxa,292,1,0,1
624,oxa,293,1,0,1
624,oxa,294,1,0,0
624,oxa,295,1,0,0
624,oxa,296,1,0,0
624,oxa,297,1,0,0
624,oxa,298,1,0,0
624,oxa,299,1,0,0
624,oxa,300,1,0,0
624,oxa,301,1,0,0
624,oxa,302,1,0,0
624,oxa,303,1,0,1
624,oxa,304,1,0,1
624,oxa,305,1,0,1
624,oxa,306,1,0,1
624,oxa,307,1,0,0
624,oxa,308,1,0,0
624,oxa,309,1,0,0
624,oxa,310,1,0,1
624,oxa,311,1,0,1
624,oxa,312,1,0,1
624,oxa,313,1,0,1
624,oxa,314,1,0,1
624,oxa,315,1,0,1
624,oxa,316,1,0,1
624,oxa,317,1,0,1
624,oxa,318,1,0,1
624,oxa,319,1,0,0
624,oxa,320,1,0,0
624,oxa,321,1,0,1
624,oxa,322,1,0,1
624,oxa,323,1,0,1
624,oxa,324,1,0,0
624,oxa,325,1,0,0
624,oxa,326,1,0,0
624,oxa,327,1,0,0
624,oxa,328,1,0,1
624,oxa,329,1,0,1
624,oxa,330,1,0,0
624,oxa,331,1,0,1
624,oxa,332,1,0,1
624,oxa,333,1,0,0
624,oxa,334,1,0,1
624,oxa,335,1,0,1
624,oxa,336,1,0,0
624,rb,1,0,0,1
624,rb,2,0,0,1
624,rb,3,0,0,1
624,rb,4,0,0,1
624,rb,5,0,0,1
624,rb,6,0,0,1
624,rb,7,0,0,1
624,rb,8,0,0,1
624,rb,9,0,0,1
624,rb,10,0,0,1
624,rb,11,0,0,1
624,rb,12,0,0,1
624,rb,13,0,0,1
624,rb,14,0,0,1
624,rb,15,0,0,1
624,rb,16,0,0,1
624,rb,17,0,0,1
624,rb,18,0,0,1
624,rb,19,0,0,1
624,rb,20,0,0,1
624,rb,21,0,0,1
624,rb,22,0,0,1
624,rb,23,0,0,1
624,rb,24,0,0,1
624,rb,25,0,0,1
624,rb,26,0,0,1
624,rb,27,0,0,1
624,rb,28,0,0,1
624,rb,29,0,0,1
624,rb,30,0,0,1
624,rb,31,0,0,1
624,rb,32,0,0,1
624,rb,33,0,0,1
624,rb,34,0,0,1
624,rb,35,0,0,1
624,rb,36,0,0,1
624,rb,37,0,0,1
624,rb,38,0,0,1
624,rb,39,0,0,1
624,rb,40,0,0,1
624,rb,41,0,0,1
624,rb,42,0,0,1
624,rb,43,0,0,1
624,rb,44,0,0,1
624,rb,45,0,0,1
624,rb,46,0,0,1
624,rb,47,0,0,1
624,rb,48,0,0,1
624,rb,49,0,0,1
624,rb,50,0,0,1
624,rb,51,0,0,1
624,rb,52,0,0,1
624,rb,53,0,0,1
624,rb,54,0,0,1
624,rb,55,0,0,1
624,rb,56,0,0,1
624,rb,57,0,0,1
624,rb,58,0,0,1
624,rb,59,0,0,1
624,rb,60,0,0,1
624,rb,61,0,0,1
624,rb,62,0,0,1
624,rb,63,0,0,1
624,rb,64,0,0,1
624,rb,65,0,0,1
624,rb,66,0,0,1
624,rb,67,0,0,1
624,rb,68,0,0,1
624,rb,69,0,0,1
624,rb,70,0,0,1
624,rb,71,0,0,1
624,rb,72,0,0,1
624,rb,73,0,0,1
624,rb,74,0,0,1
624,rb,75,0,0,1
624,rb,76,0,0,1
624,rb,77,0,0,1
624,rb,78,0,0,1
624,rb,79,0,0,1
624,rb,80,0,0,1
624,rb,81,0,0,1
624,rb,82,0,0,1
624,rb,83,0,0,1
624,rb,84,0,0,1
624,rb,85,0,0,1
624,rb,86,0,0,1
624,rb,87,0,0,1
624,rb,88,0,0,1
624,rb,89,0,0,1
624,rb,90,0,0,1
624,rb,91,0,0,1
624,rb,92,0,0,1
624,rb,93,0,0,1
624,rb,94,0,0,1
624,rb,95,0,0,1
624,rb,96,0,0,1
624,rb,97,0,0,1
624,rb,98,0,0,1
624,rb,99,0,0,1
624,rb,100,0,0,1
624,rb,101,0,0,1
624,rb,102,0,0,1
624,rb,103,0,0,1
624,rb,104,0,0,1
624,rb,105,0,0,1
624,rb,106,0,0,1
624,rb,107,0,0,1
624,rb,108,0,0,1
624,rb,109,0,0,1
624,rb,110,0,0,1
624,rb,111,0,0,1
624,rb,112,0,0,1
624,rb,113,0,0,1
624,rb,114,0,0,1
624,rb,115,0,0,1
624,rb,116,0,0,1
624,rb,117,0,0,1
624,rb,118,0,0,1
624,rb,119,0,0,1
624,rb,120,0,0,1
624,rb,121,0,0,1
624,rb,122,0,0,1
624,rb,123,0,0,1
624,rb,124,0,0,1
624,rb,125,0,0,1
624,rb,126,0,0,1
624,rb,127,0,0,1
624,rb,128,0,0,1
624,rb,129,0,0,1
624,rb,130,0,0,1
624,rb,131,0,0,1
624,rb,132,0,0,1
624,rb,133,0,0,1
624,rb,134,0,0,1
624,rb,135,0,0,1
624,rb,136,0,0,1
624,rb,137,0,0,1
624,rb,138,0,0,1
624,rb,139,0,0,1
624,rb,140,0,0,1
624,rb,141,0,0,1
624,rb,142,0,0,1
624,rb,143,0,0,1
624,rb,144,0,0,1
624,rb,145,0,0,1
624,rb,146,0,0,1
624,rb,147,0,0,1
624,rb,148,0,0,1
624,rb,149,0,0,1
624,rb,150,0,0,1
624,rb,151,0,0,1
624,rb,152,0,0,1
624,rb,153,0,0,1
624,rb,154,0,0,1
624,rb,155,0,0,1
624,rb,156,0,0,1
624,rb,157,0,0,1
624,rb,158,0,0,1
624,rb,159,0,0,1
624,rb,160,0,0,1
624,rb,161,0,0,1
624,rb,162,0,0,1
624,rb,163,0,0,1
624,rb,164,0,0,1
624,rb,165,0,0,1
624,rb,166,0,0,1
624,rb,167,0,0,1
624,rb,168,0,0,1
624,rb,169,0,0,1
624,rb,170,0,0,1
624,rb,171,0,0,1
624,rb,172,0,0,1
624,rb,173,0,0,1
624,rb,174,0,0,1
624,rb,175,0,0,1
624,rb,176,0,0,1
624,rb,177,0,0,1
624,rb,178,0,0,1
624,rb,179,0,0,1
624,rb,180,0,0,1
624,rb,181,0,0,1
624,rb,182,0,0,1
624,rb,183,0,0,1
624,rb,184,0,0,1
624,rb,185,0,0,1
624,rb,186,0,0,1
624,rb,187,0,0,1
624,rb,188,0,0,1
624,rb,189,0,0,1
624,rb,190,0,0,1
624,rb,191,0,0,1
624,rb,192,0,0,1
624,rb,193,0,0,1
624,rb,194,0,0,1
624,rb,195,0,0,1
624,rb,196,0,0,1
624,rb,197,0,0,1
624,rb,198,0,0,1
624,rb,199,0,0,1
624,rb,200,0,0,1
624,rb,201,0,0,1
624,rb,202,0,0,1
624,rb,203,0,0,1
624,rb,204,0,0,1
624,rb,205,0,0,1
624,rb,206,0,0,1
624,rb,207,0,0,1
624,rb,208,0,0,1
624,rb,209,0,0,1
624,rb,210,0,0,1
624,rb,211,0,0,1
624,rb,212,0,0,1
624,rb,213,0,0,1
624,rb,214,0,0,1
624,rb,215,0,0,1
624,rb,216,0,0,1
624,rb,217,0,0,1
624,rb,218,0,0,1
624,rb,219,0,0,1
624,rb,220,0,0,1
624,rb,221,0,0,1
624,rb,222,0,0,1
624,rb,223,0,0,1
624,rb,224,0,0,1
624,rb,225,0,0,1
624,rb,226,0,0,1
624,rb,227,0,0,1
624,rb,228,0,0,1
624,rb,229,0,0,1
624,rb,230,0,0,1
624,rb,231,0,0,1
624,rb,232,0,0,1
624,rb,233,0,0,1
624,rb,234,0,0,1
624,rb,235,0,0,1
624,rb,236,0,0,1
624,rb,237,0,0,1
624,rb,238,0,0,1
624,rb,239,0,0,1
624,rb,240,0,0,1
624,rb,241,0,0,1
624,rb,242,0,0,1
624,rb,243,0,0,1
624,rb,244,0,0,1
624,rb,245,0,0,1
624,rb,246,0,0,1
624,rb,247,0,0,1
624,rb,248,0,0,1
624,rb,249,0,0,1
624,rb,250,0,0,1
624,rb,251,0,0,1
624,rb,252,0,0,1
624,rb,253,0,0,1
624,rb,254,0,0,1
624,rb,255,0,0,1
624,rb,256,0,0,1
625,cfos,1,0,1,1
625,cfos,2,0,1,0
625,cfos,3,0,1,0
625,cfos,4,0,1,0
625,cfos,5,0,1,0
625,cfos,6,0,1,0
625,cfos,7,0,1,0
625,cfos,8,0,1,0
625,cfos,9,0,1,0
625,cfos,10,0,1,0
625,cfos,11,0,1,1
625,cfos,12,0,1,0
625,cfos,13,0,1,1
625,cfos,14,0,1,0
625,cfos,15,0,1,0
625,cfos,16,0,1,0
625,cfos,17,0,1,0
625,cfos,18,0,1,0
625,cfos,19,0,1,0
625,cfos,20,0,1,1
625,cfos,21,0,1,0
625,cfos,22,0,1,1
625,cfos,23,0,1,0
625,cfos,24,0,1,0
625,cfos,25,0,1,0
625,cfos,26,0,1,0
625,cfos,27,0,1,0
625,cfos,28,0,1,0
625,cfos,29,0,1,0
625,cfos,30,0,1,0
625,cfos,31,0,1,0
625,cfos,32,0,1,0
625,cfos,33,0,1,0
625,cfos,34,0,1,0
625,cfos,35,0,1,0
625,cfos,36,0,1,0
625,cfos,37,0,1,0
625,cfos,38,0,1,0
625,cfos,39,0,1,0
625,cfos,40,0,1,0
625,cfos,41,0,1,0
625,cfos,42,0,1,0
625,cfos,43,0,1,0
625,cfos,44,0,1,0
625,cfos,45,0,1,0
625,cfos,46,0,1,0
625,cfos,47,0,1,0
625,cfos,48,0,1,0
625,cfos,49,0,1,0
625,cfos,50,0,1,0
625,cfos,51,0,1,0
625,cfos,52,0,1,0
625,cfos,53,0,1,0
625,cfos,54,0,1,0
625,cfos,55,0,1,0
625,cfos,56,0,1,0
625,cfos,57,0,1,0
625,cfos,58,0,1,0
625,cfos,59,0,1,0
625,cfos,60,0,1,0
625,cfos,61,0,1,0
625,cfos,62,0,1,0
625,cfos,63,0,1,0
625,cfos,64,0,1,0
625,cfos,65,0,1,0
625,cfos,66,0,1,0
625,cfos,67,0,1,0
625,cfos,68,0,1,0
625,cfos,69,0,1,0
625,cfos,70,0,1,0
625,cfos,71,0,1,0
625,cfos,72,0,1,0
625,cfos,73,0,1,0
625,cfos,74,0,1,0
625,cfos,75,0,1,0
625,cfos,76,0,1,0
625,cfos,77,0,1,0
625,cfos,78,0,1,0
625,cfos,79,0,1,0
625,cfos,80,0,1,0
625,cfos,81,0,1,0
625,cfos,82,0,1,0
625,cfos,83,0,1,0
625,cfos,84,0,1,0
625,cfos,85,0,1,0
625,cfos,86,0,1,0
625,cfos,87,0,1,0
625,cfos,88,0,1,0
625,cfos,89,0,1,0
625,cfos,90,0,1,0
625,cfos,91,0,1,0
625,cfos,92,0,1,0
625,cfos,93,0,1,0
625,cfos,94,0,1,0
625,cfos,95,0,1,0
625,cfos,96,0,1,0
625,cfos,97,0,1,0
625,cfos,98,0,1,0
625,cfos,99,0,1,0
625,cfos,100,0,1,0
625,cfos,101,0,1,0
625,cfos,102,0,1,0
625,cfos,103,0,1,0
625,cfos,104,0,1,0
625,cfos,105,0,1,0
625,cfos,106,0,1,0
625,cfos,107,0,1,0
625,cfos,108,0,1,0
625,cfos,109,0,1,0
625,cfos,110,0,1,0
625,cfos,111,0,1,0
625,cfos,112,0,1,0
625,cfos,113,0,1,0
625,cfos,114,0,1,1
625,cfos,115,0,1,1
625,cfos,116,0,1,1
625,cfos,117,0,1,0
625,cfos,118,0,1,0
625,cfos,119,0,1,0
625,cfos,120,1,1,1
625,cfos,121,1,1,0
625,cfos,122,0,1,0
625,cfos,123,0,1,0
625,cfos,124,0,1,0
625,cfos,125,0,1,0
625,cfos,126,1,1,0
625,cfos,127,1,1,0
625,cfos,128,0,1,0
625,cfos,129,1,1,0
625,cfos,130,1,1,0
625,cfos,131,1,1,0
625,cfos,132,1,1,1
625,cfos,133,1,1,0
625,cfos,134,0,1,0
625,cfos,135,0,1,0
625,cfos,136,0,1,0
625,cfos,137,0,1,0
625,cfos,138,0,1,0
625,cfos,139,0,1,0
625,cfos,140,0,1,0
625,cfos,141,0,1,0
625,cfos,142,0,1,0
625,cfos,143,0,1,0
625,cfos,144,0,1,0
625,cfos,145,1,1,0
625,cfos,146,0,1,1
625,cfos,147,1,1,0
625,cfos,148,0,1,0
625,cfos,149,0,1,0
625,cfos,150,0,1,0
625,cfos,151,0,1,0
625,cfos,152,0,1,0
625,cfos,153,0,1,0
625,cfos,154,0,1,0
625,cfos,155,0,1,0
625,cfos,156,0,1,0
625,cfos,157,0,1,0
625,cfos,158,1,1,0
625,cfos,159,1,1,0
625,cfos,160,1,1,0
625,cfos,161,1,1,0
625,cfos,162,1,1,0
625,cfos,163,1,1,0
625,cfos,164,1,1,0
625,cfos,165,1,1,1
625,cfos,166,0,1,0
625,cfos,167,1,1,0
625,cfos,168,1,1,0
625,cfos,169,1,1,0
625,cfos,170,0,1,0
625,cfos,171,0,1,0
625,cfos,172,0,1,0
625,cfos,173,0,1,0
625,cfos,174,0,1,0
625,cfos,175,0,1,0
625,cfos,176,0,1,0
625,cfos,177,0,1,0
625,cfos,178,0,1,0
625,cfos,179,0,1,0
625,cfos,180,0,1,0
625,cfos,181,0,1,0
625,cfos,182,0,1,0
625,cfos,183,0,1,0
625,cfos,184,0,1,0
625,cfos,185,0,1,0
625,cfos,186,0,1,0
625,cfos,187,0,1,0
625,cfos,188,0,1,0
625,cfos,189,0,1,0
625,cfos,190,0,1,0
625,cfos,191,0,1,0
625,cfos,192,0,1,0
625,cfos,193,1,1,0
625,cfos,194,0,1,0
625,cfos,195,0,1,0
625,cfos,196,0,1,0
625,cfos,197,0,1,0
625,cfos,198,0,1,0
625,cfos,199,1,1,0
625,cfos,200,0,1,0
625,cfos,201,0,1,0
625,cfos,202,0,1,0
625,cfos,203,0,1,0
625,cfos,204,0,1,0
625,cfos,205,0,1,0
625,cfos,206,0,1,0
625,cfos,207,0,1,0
625,cfos,208,0,1,0
625,cfos,209,0,1,0
625,cfos,210,0,1,0
625,cfos,211,1,1,0
625,cfos,212,1,1,0
625,cfos,213,0,1,0
625,cfos,214,0,1,1
625,cfos,215,0,1,0
625,cfos,216,0,1,1
625,cfos,217,1,1,0
625,cfos,218,1,1,0
625,cfos,219,1,1,0
625,cfos,220,1,1,1
625,cfos,221,1,1,0
625,cfos,222,1,1,1
625,cfos,223,0,1,0
625,cfos,224,1,1,1
625,cfos,225,1,1,0
625,cfos,226,1,1,0
625,cfos,227,1,1,1
625,cfos,228,1,1,1
625,cfos,229,0,1,1
625,cfos,230,1,1,0
625,cfos,231,1,1,1
625,cfos,232,0,1,0
625,cfos,233,0,1,0
625,cfos,234,1,1,0
625,cfos,235,1,1,0
625,cfos,236,1,1,0
625,cfos,237,1,1,0
625,cfos,238,1,1,0
625,cfos,239,1,1,0
625,cfos,240,1,1,0
625,cfos,241,1,1,0
625,cfos,242,0,1,0
625,cfos,243,0,1,0
625,cfos,244,1,1,0
625,cfos,245,1,1,0
625,cfos,246,1,1,0
625,cfos,247,1,1,1
625,cfos,248,1,1,1
625,cfos,249,0,1,0
625,cfos,250,1,1,0
625,cfos,251,1,1,0
625,cfos,252,1,1,0
625,cfos,253,1,1,0
625,cfos,254,1,1,0
625,cfos,255,1,1,1
625,cfos,256,0,1,0
625,cfos,257,1,1,0
625,cfos,258,1,1,1
625,cfos,259,0,1,0
625,cfos,260,1,1,0
625,cfos,261,1,1,0
625,cfos,262,0,1,0
625,cfos,263,1,1,0
625,cfos,264,1,1,0
625,cfos,265,1,1,0
625,cfos,266,1,1,0
625,cfos,267,1,1,0
625,cfos,268,0,1,1
625,cfos,269,1,1,0
625,cfos,270,1,1,1
625,cfos,271,0,1,0
625,cfos,272,0,1,0
625,cfos,273,0,1,0
625,cfos,274,0,1,0
625,cfos,275,1,1,0
625,cfos,276,1,1,0
625,cfos,277,0,1,0
625,cfos,278,0,1,0
625,cfos,279,1,1,0
625,cfos,280,1,1,0
625,cfos,281,0,1,1
625,cfos,282,0,1,1
625,cfos,283,0,1,0
625,cfos,284,1,1,0
625,cfos,285,1,1,1
625,cfos,286,1,1,0
625,cfos,287,1,1,0
625,cfos,288,0,1,0
625,cfos,289,1,1,0
625,cfos,290,1,1,0
625,cfos,291,0,1,0
625,cfos,292,0,1,0
625,cfos,293,1,1,0
625,cfos,294,0,1,1
625,cfos,295,0,1,1
625,cfos,296,0,1,0
625,cfos,297,0,1,0
625,cfos,298,1,1,0
625,cfos,299,1,1,0
625,cfos,300,1,1,0
625,cfos,301,1,1,1
625,cfos,302,1,1,0
625,cfos,303,1,1,0
625,cfos,304,1,1,1
625,cfos,305,1,1,0
625,cfos,306,1,1,0
625,cfos,307,0,1,1
625,oxa,1,1,0,1
625,oxa,2,1,0,0
625,oxa,3,1,0,0
625,oxa,4,1,0,0
625,oxa,5,1,0,0
625,oxa,6,1,0,1
625,oxa,7,1,0,0
625,oxa,8,1,0,0
625,oxa,9,1,0,0
625,oxa,10,1,0,0
625,oxa,11,1,0,0
625,oxa,12,1,0,0
625,oxa,13,1,0,0
625,oxa,14,1,0,0
625,oxa,15,1,0,0
625,oxa,16,1,0,1
625,oxa,17,1,0,0
625,oxa,18,1,0,0
625,oxa,19,1,0,0
625,oxa,20,1,0,1
625,oxa,21,1,0,0
625,oxa,22,1,0,0
625,oxa,23,1,0,0
625,oxa,24,1,0,0
625,oxa,25,1,0,0
625,oxa,26,1,0,0
625,oxa,27,1,0,0
625,oxa,28,1,0,0
625,oxa,29,1,0,0
625,oxa,30,1,0,0
625,oxa,31,1,0,0
625,oxa,32,1,0,0
625,oxa,33,1,0,0
625,oxa,34,1,0,0
625,oxa,35,1,0,0
625,oxa,36,1,0,0
625,oxa,37,1,0,0
625,oxa,38,1,0,1
625,oxa,39,1,0,0
625,oxa,40,1,0,1
625,oxa,41,1,0,0
625,oxa,42,1,0,0
625,oxa,43,1,0,1
625,oxa,44,1,0,0
625,oxa,45,1,0,0
625,oxa,46,1,0,0
625,oxa,47,1,0,0
625,oxa,48,1,0,0
625,oxa,49,1,0,0
625,oxa,50,1,0,0
625,oxa,51,1,0,0
625,oxa,52,1,0,0
625,oxa,53,1,0,0
625,oxa,54,1,0,0
625,oxa,55,1,0,0
625,oxa,56,1,0,0
625,oxa,57,1,0,0
625,oxa,58,1,0,1
625,oxa,59,1,0,1
625,oxa,60,1,0,0
625,oxa,61,1,0,1
625,oxa,62,1,0,0
625,oxa,63,1,0,0
625,oxa,64,1,0,0
625,oxa,65,1,0,1
625,oxa,66,1,0,1
625,oxa,67,1,0,0
625,oxa,68,1,0,0
625,oxa,69,1,0,1
625,oxa,70,1,0,0
625,oxa,71,1,0,0
625,oxa,72,1,0,0
625,oxa,73,1,0,0
625,oxa,74,1,0,0
625,oxa,75,1,0,0
625,oxa,76,1,0,1
625,oxa,77,1,0,0
625,oxa,78,1,0,0
625,oxa,79,1,0,0
625,oxa,80,1,0,0
625,oxa,81,1,0,0
625,oxa,82,1,0,0
625,oxa,83,1,0,0
625,oxa,84,1,0,1
625,oxa,85,1,0,0
625,oxa,86,1,0,0
625,oxa,87,1,0,0
625,oxa,88,1,0,0
625,oxa,89,1,0,0
625,oxa,90,1,0,0
625,oxa,91,1,0,0
625,oxa,92,1,0,0
625,oxa,93,1,0,0
625,oxa,94,1,0,0
625,oxa,95,1,0,0
625,oxa,96,1,0,0
625,oxa,97,1,0,0
625,oxa,98,1,0,0
625,oxa,99,1,0,0
625,oxa,100,1,0,0
625,oxa,101,1,0,0
625,oxa,102,1,0,0
625,oxa,103,1,0,0
625,oxa,104,1,0,1
625,oxa,105,1,0,1
625,oxa,106,1,0,0
625,oxa,107,1,0,0
625,oxa,108,1,0,0
625,oxa,109,1,0,0
625,oxa,110,1,0,0
625,oxa,111,1,0,0
625,oxa,112,1,0,1
625,oxa,113,1,0,1
625,oxa,114,1,0,0
625,oxa,115,1,0,1
625,oxa,116,1,0,1
625,oxa,117,1,0,0
625,oxa,118,1,0,0
625,oxa,119,1,0,0
625,rb,1,0,0,1
625,rb,2,0,0,1
625,rb,3,0,0,1
625,rb,4,0,0,1
625,rb,5,0,0,1
625,rb,6,0,0,1
625,rb,7,0,0,1
625,rb,8,0,0,1
625,rb,9,0,0,1
625,rb,10,0,0,1
625,rb,11,0,0,1
625,rb,12,0,0,1
625,rb,13,0,0,1
625,rb,14,0,0,1
625,rb,15,0,0,1
625,rb,16,0,0,1
625,rb,17,0,0,1
625,rb,18,0,0,1
625,rb,19,0,0,1
625,rb,20,0,0,1
625,rb,21,0,0,1
625,rb,22,0,0,1
625,rb,23,0,0,1
625,rb,24,0,0,1
625,rb,25,0,0,1
625,rb,26,0,0,1
625,rb,27,0,0,1
625,rb,28,0,0,1
625,rb,29,0,0,1
625,rb,30,0,0,1
625,rb,31,0,0,1
625,rb,32,0,0,1
625,rb,33,0,0,1
625,rb,34,0,0,1
625,rb,35,0,0,1
625,rb,36,0,0,1
625,rb,37,0,0,1
625,rb,38,0,0,1
625,rb,39,0,0,1
625,rb,40,0,0,1
625,rb,41,0,0,1
625,rb,42,0,0,1
625,rb,43,0,0,1
625,rb,44,0,0,1
625,rb,45,0,0,1
625,rb,46,0,0,1
625,rb,47,0,0,1
625,rb,48,0,0,1
625,rb,49,0,0,1
625,rb,50,0,0,1
625,rb,51,0,0,1
625,rb,52,0,0,1
625,rb,53,0,0,1
625,rb,54,0,0,1
625,rb,55,0,0,1
625,rb,56,0,0,1
625,rb,57,0,0,1
625,rb,58,0,0,1
625,rb,59,0,0,1
625,rb,60,0,0,1
625,rb,61,0,0,1
625,rb,62,0,0,1
625,rb,63,0,0,1
625,rb,64,0,0,1
625,rb,65,0,0,1
625,rb,66,0,0,1
625,rb,67,0,0,1
625,rb,68,0,0,1
625,rb,69,0,0,1
625,rb,70,0,0,1
625,rb,71,0,0,1
625,rb,72,0,0,1
625,rb,73,0,0,1
625,rb,74,0,0,1
625,rb,75,0,0,1
625,rb,76,0,0,1
625,rb,77,0,0,1
625,rb,78,0,0,1
625,rb,79,0,0,1
625,rb,80,0,0,1
625,rb,81,0,0,1
625,rb,82,0,0,1
625,rb,83,0,0,1
625,rb,84,0,0,1
625,rb,85,0,0,1
625,rb,86,0,0,1
625,rb,87,0,0,1
625,rb,88,0,0,1
625,rb,89,0,0,1
625,rb,90,0,0,1
625,rb,91,0,0,1
625,rb,92,0,0,1
625,rb,93,0,0,1
625,rb,94,0,0,1
625,rb,95,0,0,1
625,rb,96,0,0,1
625,rb,97,0,0,1
625,rb,98,0,0,1
625,rb,99,0,0,1
625,rb,100,0,0,1
628,cfos,1,0,1,1
628,cfos,2,0,1,1
628,cfos,3,0,1,1
628,cfos,4,0,1,0
628,cfos,5,0,1,1
628,cfos,6,0,1,1
628,cfos,7,0,1,1
628,cfos,8,0,1,1
628,cfos,9,0,1,1
628,cfos,10,0,1,1
628,cfos,11,0,1,1
628,cfos,12,0,1,1
628,cfos,13,0,1,0
628,cfos,14,0,1,0
628,cfos,15,0,1,0
628,cfos,16,0,1,1
628,cfos,17,0,1,1
628,cfos,18,0,1,0
628,cfos,19,0,1,0
628,cfos,20,0,1,0
628,cfos,21,0,1,1
628,cfos,22,0,1,1
628,cfos,23,0,1,0
628,cfos,24,0,1,0
628,cfos,25,0,1,0
628,cfos,26,0,1,0
628,cfos,27,0,1,0
628,cfos,28,0,1,0
628,cfos,29,0,1,0
628,cfos,30,0,1,0
628,cfos,31,0,1,0
628,cfos,32,0,1,0
628,cfos,33,0,1,0
628,cfos,34,0,1,0
628,cfos,35,0,1,0
628,cfos,36,0,1,0
628,cfos,37,0,1,0
628,cfos,38,0,1,1
628,cfos,39,0,1,0
628,cfos,40,0,1,0
628,cfos,41,0,1,0
628,cfos,42,0,1,0
628,cfos,43,0,1,0
628,cfos,44,0,1,0
628,cfos,45,0,1,0
628,cfos,46,0,1,0
628,cfos,47,0,1,0
628,cfos,48,0,1,0
628,cfos,49,0,1,0
628,cfos,50,0,1,0
628,cfos,51,0,1,0
628,cfos,52,0,1,0
628,cfos,53,0,1,0
628,cfos,54,0,1,0
628,cfos,55,0,1,0
628,cfos,56,0,1,0
628,cfos,57,0,1,0
628,cfos,58,0,1,0
628,cfos,59,0,1,0
628,cfos,60,0,1,0
628,cfos,61,0,1,0
628,cfos,62,0,1,0
628,cfos,63,0,1,0
628,cfos,64,0,1,0
628,cfos,65,0,1,0
628,cfos,66,0,1,0
628,cfos,67,0,1,0
628,cfos,68,0,1,0
628,cfos,69,0,1,0
628,cfos,70,0,1,0
628,cfos,71,0,1,0
628,cfos,72,0,1,0
628,cfos,73,0,1,0
628,cfos,74,0,1,0
628,cfos,75,0,1,0
628,cfos,76,0,1,1
628,cfos,77,0,1,0
628,cfos,78,0,1,0
628,cfos,79,0,1,0
628,cfos,80,0,1,0
628,cfos,81,0,1,0
628,cfos,82,0,1,0
628,cfos,83,0,1,0
628,cfos,84,0,1,0
628,cfos,85,1,1,0
628,cfos,86,1,1,0
628,cfos,87,0,1,0
628,cfos,88,0,1,0
628,cfos,89,0,1,1
628,cfos,90,0,1,0
628,cfos,91,1,1,0
628,cfos,92,0,1,0
628,cfos,93,1,1,0
628,cfos,94,0,1,1
628,cfos,95,0,1,0
628,cfos,96,1,1,0
628,cfos,97,0,1,0
628,cfos,98,0,1,0
628,cfos,99,0,1,0
628,cfos,100,0,1,0
628,cfos,101,0,1,1
628,cfos,102,0,1,0
628,cfos,103,0,1,1
628,cfos,104,0,1,1
628,cfos,105,0,1,0
628,cfos,106,0,1,0
628,cfos,107,0,1,0
628,cfos,108,0,1,0
628,cfos,109,0,1,0
628,cfos,110,0,1,0
628,cfos,111,0,1,0
628,cfos,112,1,1,0
628,cfos,113,0,1,0
628,cfos,114,1,1,0
628,cfos,115,0,1,0
628,cfos,116,0,1,0
628,cfos,117,0,1,0
628,cfos,118,0,1,0
628,cfos,119,0,1,0
628,cfos,120,1,1,0
628,cfos,121,1,1,0
628,cfos,122,1,1,0
628,cfos,123,1,1,0
628,cfos,124,1,1,0
628,cfos,125,0,1,0
628,cfos,126,0,1,0
628,cfos,127,0,1,0
628,cfos,128,1,1,0
628,cfos,129,1,1,0
628,cfos,130,1,1,1
628,cfos,131,1,1,0
628,cfos,132,1,1,0
628,cfos,133,1,1,0
628,cfos,134,1,1,0
628,cfos,135,0,1,0
628,cfos,136,1,1,0
628,cfos,137,1,1,0
628,cfos,138,0,1,1
628,cfos,139,1,1,0
628,cfos,140,1,1,0
628,cfos,141,1,1,0
628,cfos,142,1,1,0
628,cfos,143,1,1,1
628,cfos,144,1,1,1
628,cfos,145,1,1,0
628,cfos,146,1,1,0
628,cfos,147,1,1,0
628,cfos,148,0,1,0
628,cfos,149,1,1,0
628,cfos,150,1,1,0
628,cfos,151,1,1,0
628,cfos,152,0,1,0
628,cfos,153,0,1,1
628,cfos,154,0,1,0
628,cfos,155,1,1,1
628,cfos,156,1,1,1
628,cfos,157,0,1,0
628,cfos,158,1,1,1
628,cfos,159,1,1,0
628,cfos,160,1,1,0
628,cfos,161,1,1,0
628,cfos,162,1,1,0
628,cfos,163,1,1,0
628,cfos,164,0,1,0
628,cfos,165,0,1,0
628,cfos,166,0,1,0
628,cfos,167,0,1,0
628,cfos,168,0,1,0
628,cfos,169,0,1,0
628,cfos,170,0,1,0
628,cfos,171,0,1,0
628,cfos,172,0,1,1
628,cfos,173,0,1,0
628,cfos,174,0,1,0
628,cfos,175,0,1,0
628,cfos,176,0,1,1
628,cfos,177,0,1,1
628,cfos,178,0,1,0
628,cfos,179,0,1,1
628,cfos,180,0,1,1
628,cfos,181,0,1,0
628,cfos,182,0,1,0
628,cfos,183,0,1,1
628,cfos,184,0,1,1
628,cfos,185,0,1,0
628,cfos,186,0,1,0
628,cfos,187,0,1,0
628,cfos,188,0,1,0
628,cfos,189,0,1,0
628,cfos,190,0,1,0
628,cfos,191,0,1,0
628,cfos,192,0,1,0
628,cfos,193,0,1,0
628,cfos,194,0,1,0
628,cfos,195,0,1,0
628,cfos,196,0,1,0
628,cfos,197,0,1,0
628,cfos,198,0,1,0
628,cfos,199,0,1,0
628,cfos,200,0,1,0
628,cfos,201,0,1,0
628,cfos,202,1,1,1
628,cfos,203,0,1,1
628,cfos,204,0,1,1
628,cfos,205,0,1,0
628,cfos,206,0,1,0
628,cfos,207,0,1,0
628,cfos,208,0,1,0
628,cfos,209,0,1,0
628,cfos,210,0,1,0
628,oxa,1,1,0,1
628,oxa,2,1,0,0
628,oxa,3,1,0,0
628,oxa,4,1,0,0
628,oxa,5,1,0,1
628,oxa,6,1,0,1
628,oxa,7,1,0,0
628,oxa,8,1,0,0
628,oxa,9,1,0,0
628,oxa,10,1,0,1
628,oxa,11,1,0,0
628,oxa,12,1,0,0
628,oxa,13,1,0,0
628,oxa,14,1,0,0
628,oxa,15,1,0,0
628,oxa,16,1,0,0
628,oxa,17,1,0,0
628,oxa,18,1,0,0
628,oxa,19,1,0,0
628,oxa,20,1,0,0
628,oxa,21,1,0,0
628,oxa,22,1,0,0
628,oxa,23,1,0,0
628,oxa,24,1,0,0
628,oxa,25,1,0,1
628,oxa,26,1,0,1
628,oxa,27,1,0,0
628,oxa,28,1,0,0
628,oxa,29,1,0,0
628,oxa,30,1,0,0
628,oxa,31,1,0,0
628,oxa,32,1,0,0
628,oxa,33,1,0,0
628,oxa,34,1,0,0
628,oxa,35,1,0,0
628,oxa,36,1,0,1
628,oxa,37,1,0,0
628,oxa,38,1,0,0
628,oxa,39,1,0,0
628,oxa,40,1,0,0
628,oxa,41,1,0,0
628,oxa,42,1,0,0
628,oxa,43,1,0,0
628,oxa,44,1,0,0
628,oxa,45,1,0,0
628,oxa,46,1,0,0
628,oxa,47,1,0,0
628,oxa,48,1,0,0
628,oxa,49,1,0,0
628,oxa,50,1,0,0
628,oxa,51,1,0,0
628,oxa,52,1,0,0
628,oxa,53,1,0,0
628,oxa,54,1,0,1
628,oxa,55,1,0,1
628,oxa,56,1,0,1
628,oxa,57,1,0,1
628,oxa,58,1,0,0
628,oxa,59,1,0,0
628,oxa,60,1,0,0
628,oxa,61,1,0,0
628,oxa,62,1,0,0
628,oxa,63,1,0,0
628,oxa,64,1,0,0
628,oxa,65,1,0,0
628,oxa,66,1,0,0
628,oxa,67,1,0,0
628,oxa,68,1,0,0
628,oxa,69,1,0,0
628,oxa,70,1,0,0
628,oxa,71,1,0,0
628,rb,1,0,0,1
628,rb,2,0,0,1
628,rb,3,0,0,1
628,rb,4,0,0,1
628,rb,5,0,0,1
628,rb,6,0,0,1
628,rb,7,0,0,1
628,rb,8,0,0,1
628,rb,9,0,0,1
628,rb,10,0,0,1
628,rb,11,0,0,1
628,rb,12,0,0,1
628,rb,13,0,0,1
628,rb,14,0,0,1
628,rb,15,0,0,1
628,rb,16,0,0,1
628,rb,17,0,0,1
628,rb,18,0,0,1
628,rb,19,0,0,1
628,rb,20,0,0,1
628,rb,21,0,0,1
628,rb,22,0,0,1
628,rb,23,0,0,1
628,rb,24,0,0,1
628,rb,25,0,0,1
628,rb,26,0,0,1
628,rb,27,0,0,1
628,rb,28,0,0,1
628,rb,29,0,0,1
628,rb,30,0,0,1
628,rb,31,0,0,1
628,rb,32,0,0,1
628,rb,33,0,0,1
628,rb,34,0,0,1
628,rb,35,0,0,1
628,rb,36,0,0,1
628,rb,37,0,0,1
628,rb,38,0,0,1
628,rb,39,0,0,1
628,rb,40,0,0,1
628,rb,41,0,0,1
628,rb,42,0,0,1
628,rb,43,0,0,1
628,rb,44,0,0,1
628,rb,45,0,0,1
628,rb,46,0,0,1
628,rb,47,0,0,1
628,rb,48,0,0,1
628,rb,49,0,0,1
628,rb,50,0,0,1
628,rb,51,0,0,1
628,rb,52,0,0,1
628,rb,53,0,0,1
628,rb,54,0,0,1
628,rb,55,0,0,1
628,rb,56,0,0,1
628,rb,57,0,0,1
628,rb,58,0,0,1
628,rb,59,0,0,1
628,rb,60,0,0,1
628,rb,61,0,0,1
628,rb,62,0,0,1
628,rb,63,0,0,1
628,rb,64,0,0,1
628,rb,65,0,0,1
628,rb,66,0,0,1
628,rb,67,0,0,1
628,rb,68,0,0,1
628,rb,69,0,0,1
628,rb,70,0,0,1
628,rb,71,0,0,1
628,rb,72,0,0,1
628,rb,73,0,0,1
628,rb,74,0,0,1
628,rb,75,0,0,1
628,rb,76,0,0,1
628,rb,77,0,0,1
628,rb,78,0,0,1
628,rb,79,0,0,1
628,rb,80,0,0,1
628,rb,81,0,0,1
628,rb,82,0,0,1
628,rb,83,0,0,1
628,rb,84,0,0,1
628,rb,85,0,0,1
628,rb,86,0,0,1
628,rb,87,0,0,1
628,rb,88,0,0,1
